 &plot nbnd= 100, nks=    61 /
            0.000000  0.000000  0.000000
  -13.935  -13.935   -6.002   -6.002   -4.136   -4.136   -4.102   -4.102   -1.027   -1.027
   -0.264   -0.264    0.117    0.117    0.137    0.137    1.497    1.497    1.727    1.727
    2.626    2.626    2.904    2.904    4.045    4.045    5.181    5.181    5.650    5.650
    5.865    5.865    5.898    5.898    5.901    5.901    8.255    8.255    8.539    8.539
    9.000    9.000    9.001    9.001   10.840   10.840   12.265   12.265   12.341   12.341
   13.050   13.050   13.053   13.053   13.475   13.475   13.872   13.872   13.873   13.873
   14.531   14.531   14.616   14.616   14.703   14.703   14.704   14.704   14.963   14.963
   14.963   14.963   15.097   15.097   15.157   15.157   15.158   15.158   15.210   15.210
   15.210   15.210   15.292   15.292   15.325   15.325   16.099   16.099   16.163   16.164
   16.164   16.164   16.164   16.164   16.175   16.175   16.175   16.176   16.438   16.438
            0.011111  0.019245  0.000000
  -13.931  -13.931   -5.999   -5.999   -4.166   -4.166   -4.120   -4.120   -0.992   -0.992
   -0.261   -0.261    0.120    0.120    0.148    0.148    1.502    1.502    1.732    1.732
    2.625    2.625    2.909    2.909    4.027    4.027    5.186    5.186    5.575    5.575
    5.881    5.881    5.886    5.886    6.000    6.000    8.253    8.253    8.545    8.545
    8.976    8.976    9.021    9.021   10.891   10.891   12.269   12.269   12.330   12.330
   12.850   12.850   12.986   12.986   13.618   13.618   13.797   13.797   13.959   13.959
   14.258   14.258   14.506   14.506   14.646   14.646   14.708   14.708   14.826   14.826
   14.845   14.845   14.926   14.926   15.182   15.182   15.190   15.190   15.238   15.238
   15.483   15.483   15.628   15.628   15.677   15.677   15.730   15.730   15.772   15.772
   15.985   15.985   16.051   16.051   16.278   16.278   16.336   16.337   16.412   16.412
            0.022222  0.038490  0.000000
  -13.918  -13.918   -5.989   -5.989   -4.272   -4.272   -4.150   -4.150   -0.896   -0.896
   -0.252   -0.252    0.114    0.114    0.198    0.198    1.516    1.516    1.745    1.745
    2.624    2.624    2.924    2.924    3.974    3.974    5.199    5.199    5.466    5.466
    5.846    5.846    5.939    5.939    6.176    6.176    8.246    8.246    8.564    8.564
    8.916    8.916    9.083    9.083   11.029   11.029   12.249   12.249   12.279   12.279
   12.592   12.592   12.797   12.797   13.688   13.688   13.707   13.707   13.850   13.850
   14.142   14.142   14.216   14.216   14.342   14.342   14.363   14.363   14.856   14.856
   14.897   14.897   14.986   14.986   15.197   15.197   15.251   15.251   15.319   15.319
   15.369   15.369   15.608   15.608   15.630   15.630   15.752   15.752   15.891   15.891
   16.068   16.068   16.109   16.109   16.281   16.281   16.347   16.347   16.464   16.464
            0.033333  0.057735  0.000000
  -13.896  -13.896   -5.974   -5.974   -4.440   -4.440   -4.192   -4.192   -0.762   -0.762
   -0.238   -0.238    0.101    0.101    0.293    0.293    1.541    1.541    1.766    1.766
    2.619    2.619    2.948    2.948    3.890    3.890    5.221    5.221    5.384    5.384
    5.779    5.779    6.035    6.035    6.366    6.366    8.232    8.232    8.593    8.593
    8.846    8.846    9.187    9.187   11.223   11.223   11.998   11.998   12.287   12.287
   12.512   12.512   12.529   12.529   13.437   13.437   13.609   13.609   13.640   13.640
   13.865   13.865   13.881   13.881   13.991   13.991   14.637   14.637   14.801   14.801
   14.858   14.858   14.948   14.948   14.973   14.973   15.165   15.165   15.252   15.252
   15.258   15.258   15.318   15.318   15.583   15.583   16.046   16.046   16.213   16.213
   16.286   16.286   16.379   16.379   16.478   16.479   16.534   16.534   16.567   16.567
            0.044444  0.076980  0.000000
  -13.866  -13.866   -5.954   -5.954   -4.647   -4.647   -4.249   -4.249   -0.614   -0.614
   -0.219   -0.219    0.086    0.086    0.440    0.440    1.574    1.574    1.795    1.795
    2.605    2.605    2.981    2.981    3.787    3.787    5.250    5.250    5.336    5.336
    5.688    5.688    6.166    6.166    6.558    6.558    8.208    8.208    8.632    8.632
    8.789    8.789    9.333    9.333   11.385   11.385   11.741   11.741   12.162   12.162
   12.361   12.361   12.520   12.520   13.042   13.042   13.309   13.309   13.421   13.421
   13.481   13.481   13.753   13.753   13.860   13.860   14.462   14.462   14.525   14.525
   14.670   14.670   14.890   14.890   14.985   14.985   14.992   14.992   15.240   15.240
   15.248   15.248   15.302   15.302   15.873   15.873   16.261   16.261   16.304   16.304
   16.439   16.439   16.445   16.445   16.618   16.618   16.710   16.711   16.728   16.728
            0.055556  0.096225  0.000000
  -13.827  -13.827   -5.933   -5.933   -4.875   -4.875   -4.322   -4.322   -0.475   -0.475
   -0.197   -0.197    0.073    0.073    0.645    0.645    1.618    1.618    1.831    1.831
    2.577    2.577    3.025    3.025    3.683    3.683    5.280    5.280    5.322    5.322
    5.577    5.577    6.325    6.325    6.749    6.749    8.176    8.176    8.679    8.679
    8.757    8.757    9.516    9.516   11.207   11.207   11.832   11.832   11.849   11.849
   12.363   12.363   12.535   12.535   12.668   12.668   12.955   12.955   13.080   13.080
   13.108   13.108   13.681   13.681   13.880   13.880   14.075   14.075   14.173   14.173
   14.353   14.353   14.590   14.590   14.986   14.986   15.062   15.062   15.297   15.297
   15.316   15.316   15.618   15.618   16.175   16.175   16.227   16.227   16.229   16.229
   16.322   16.322   16.402   16.402   16.564   16.564   16.625   16.625   16.643   16.643
            0.066667  0.115470  0.000000
  -13.780  -13.780   -5.919   -5.919   -5.107   -5.107   -4.409   -4.409   -0.351   -0.351
   -0.174   -0.174    0.066    0.066    0.905    0.905    1.671    1.671    1.871    1.871
    2.529    2.529    3.077    3.077    3.595    3.595    5.284    5.284    5.335    5.335
    5.480    5.480    6.504    6.504    6.943    6.943    8.141    8.141    8.733    8.733
    8.752    8.752    9.727    9.727   10.886   10.886   11.529   11.529   12.065   12.065
   12.217   12.217   12.420   12.420   12.470   12.470   12.634   12.634   12.713   12.713
   12.877   12.877   13.610   13.610   13.692   13.692   13.700   13.700   13.979   13.979
   14.086   14.086   14.309   14.309   15.023   15.023   15.102   15.102   15.351   15.351
   15.371   15.371   15.870   15.870   15.901   15.901   16.055   16.055   16.202   16.202
   16.216   16.216   16.433   16.434   16.519   16.519   16.584   16.584   16.670   16.672
            0.077778  0.134715  0.000000
  -13.724  -13.724   -5.932   -5.932   -5.315   -5.315   -4.511   -4.511   -0.240   -0.240
   -0.153   -0.153    0.068    0.068    1.210    1.210    1.734    1.734    1.910    1.910
    2.461    2.461    3.139    3.139    3.540    3.540    5.187    5.187    5.369    5.369
    5.472    5.472    6.691    6.691    7.149    7.149    8.109    8.109    8.769    8.769
    8.796    8.796    9.947    9.947   10.560   10.560   11.233   11.233   11.869   11.869
   12.109   12.109   12.284   12.284   12.284   12.284   12.327   12.327   12.514   12.514
   12.921   12.921   13.312   13.312   13.340   13.340   13.484   13.484   13.663   13.663
   14.131   14.131   14.150   14.150   15.060   15.060   15.143   15.143   15.406   15.406
   15.413   15.413   15.543   15.543   15.550   15.550   15.943   15.943   15.995   15.995
   16.338   16.338   16.421   16.421   16.613   16.614   16.619   16.619   16.714   16.714
            0.088889  0.153960  0.000000
  -13.660  -13.660   -6.015   -6.015   -5.449   -5.449   -4.625   -4.625   -0.143   -0.143
   -0.133   -0.133    0.083    0.083    1.546    1.546    1.808    1.808    1.933    1.933
    2.391    2.391    3.210    3.210    3.523    3.523    5.023    5.023    5.421    5.421
    5.526    5.526    6.872    6.872    7.377    7.377    8.082    8.082    8.802    8.802
    8.866    8.866   10.125   10.125   10.247   10.247   11.006   11.006   11.517   11.517
   11.765   11.765   11.926   11.926   11.974   11.974   12.450   12.450   12.552   12.552
   12.952   12.952   12.980   12.980   13.009   13.009   13.246   13.246   13.412   13.412
   14.071   14.071   14.272   14.272   15.042   15.042   15.150   15.150   15.156   15.156
   15.235   15.235   15.471   15.471   15.520   15.520   15.699   15.699   15.721   15.721
   16.133   16.133   16.591   16.591   16.675   16.675   16.719   16.719   16.728   16.728
            0.100000  0.173205  0.000000
  -13.588  -13.588   -6.193   -6.193   -5.483   -5.483   -4.750   -4.750   -0.132   -0.132
   -0.038   -0.038    0.111    0.111    1.861    1.861    1.915    1.915    1.935    1.935
    2.354    2.354    3.290    3.290    3.540    3.540    4.838    4.838    5.487    5.487
    5.602    5.602    7.037    7.037    7.632    7.632    8.060    8.060    8.845    8.845
    8.944    8.944    9.957    9.957   10.143   10.143   10.934   10.934   11.196   11.196
   11.420   11.420   11.576   11.576   11.634   11.634   12.537   12.537   12.562   12.562
   12.626   12.626   12.652   12.652   12.875   12.875   12.983   12.983   13.447   13.447
   14.069   14.069   14.413   14.413   14.781   14.781   14.836   14.836   15.042   15.042
   15.144   15.144   15.356   15.356   15.537   15.537   15.614   15.614   15.646   15.646
   15.813   15.813   16.679   16.679   16.712   16.712   16.802   16.802   16.816   16.816
            0.111111  0.192450  0.000000
  -13.508  -13.508   -6.427   -6.427   -5.452   -5.452   -4.886   -4.886   -0.136   -0.136
    0.062    0.062    0.151    0.151    1.850    1.850    1.970    1.970    2.287    2.287
    2.375    2.375    3.379    3.379    3.586    3.586    4.649    4.649    5.566    5.566
    5.691    5.691    7.185    7.185    7.909    7.909    8.036    8.036    8.891    8.891
    9.029    9.029    9.700    9.700    9.981    9.981   10.772   10.772   11.082   11.082
   11.099   11.099   11.236   11.236   11.381   11.381   12.233   12.233   12.280   12.280
   12.483   12.483   12.546   12.546   12.777   12.777   12.824   12.824   13.626   13.626
   14.075   14.075   14.377   14.377   14.450   14.450   14.726   14.726   14.814   14.814
   14.988   14.988   15.065   15.065   15.579   15.579   15.596   15.596   15.707   15.707
   15.737   15.737   16.762   16.762   16.773   16.773   16.890   16.890   16.894   16.894
            0.122222  0.211695  0.000000
  -13.419  -13.419   -6.682   -6.682   -5.391   -5.391   -5.029   -5.029   -0.155   -0.155
    0.164    0.164    0.201    0.201    1.762    1.762    2.070    2.070    2.441    2.441
    2.657    2.657    3.476    3.476    3.655    3.655    4.469    4.469    5.657    5.657
    5.792    5.792    7.320    7.320    8.002    8.002    8.194    8.194    8.929    8.929
    9.119    9.119    9.494    9.494    9.763    9.763   10.460   10.460   10.754   10.754
   10.882   10.882   10.909   10.909   11.477   11.477   11.904   11.904   11.943   11.943
   12.205   12.205   12.331   12.331   12.839   12.839   12.860   12.860   13.801   13.801
   14.039   14.039   14.094   14.094   14.124   14.124   14.512   14.512   14.603   14.603
   14.875   14.875   14.944   14.944   15.600   15.600   15.676   15.676   15.799   15.799
   15.858   15.858   16.829   16.829   16.840   16.840   16.895   16.895   16.984   16.984
            0.133333  0.230940  0.000000
  -13.322  -13.322   -6.944   -6.944   -5.311   -5.311   -5.179   -5.179   -0.192   -0.192
    0.256    0.256    0.275    0.275    1.681    1.681    2.176    2.176    2.534    2.534
    3.000    3.000    3.585    3.585    3.742    3.742    4.322    4.322    5.758    5.758
    5.902    5.902    7.441    7.441    7.947    7.947    8.453    8.453    8.935    8.935
    9.201    9.201    9.367    9.367    9.584    9.584   10.149   10.149   10.435   10.435
   10.576   10.576   10.600   10.600   11.537   11.537   11.616   11.616   11.641   11.641
   11.909   11.909   12.184   12.184   12.886   12.886   12.964   12.964   13.745   13.745
   13.791   13.791   13.909   13.909   13.985   13.985   14.233   14.233   14.251   14.251
   14.780   14.780   15.177   15.177   15.673   15.673   15.800   15.800   15.908   15.908
   15.999   15.999   16.667   16.667   16.795   16.795   16.897   16.897   16.904   16.904
            0.144444  0.250185  0.000000
  -13.218  -13.218   -7.206   -7.206   -5.335   -5.335   -5.219   -5.219   -0.254   -0.254
    0.324    0.324    0.387    0.387    1.626    1.626    2.288    2.288    2.645    2.645
    3.245    3.245    3.730    3.730    3.844    3.844    4.255    4.255    5.868    5.868
    6.023    6.023    7.548    7.548    7.859    7.859    8.612    8.612    8.901    8.901
    9.248    9.248    9.330    9.330    9.535    9.535    9.868    9.868   10.128   10.128
   10.274   10.274   10.314   10.314   11.250   11.250   11.299   11.299   11.507   11.507
   11.622   11.622   12.220   12.220   12.912   12.912   13.068   13.068   13.445   13.445
   13.477   13.477   13.657   13.657   13.901   13.901   14.000   14.000   14.215   14.215
   14.784   14.784   15.399   15.399   15.771   15.771   15.936   15.936   16.029   16.029
   16.120   16.120   16.454   16.454   16.510   16.510   16.852   16.852   16.852   16.852
            0.155556  0.269430  0.000000
  -13.106  -13.106   -7.465   -7.465   -5.494   -5.494   -5.117   -5.117   -0.344   -0.344
    0.401    0.401    0.506    0.506    1.607    1.607    2.402    2.402    2.771    2.771
    3.312    3.312    3.910    3.910    3.961    3.961    4.348    4.348    5.987    5.987
    6.154    6.154    7.634    7.634    7.740    7.740    8.593    8.593    8.852    8.852
    9.301    9.301    9.341    9.341    9.471    9.471    9.760    9.760    9.834    9.834
   10.024   10.024   10.069   10.069   10.951   10.951   10.991   10.991   11.280   11.280
   11.350   11.350   12.190   12.190   12.921   12.921   13.121   13.121   13.170   13.170
   13.174   13.174   13.480   13.480   13.681   13.681   13.888   13.888   14.355   14.355
   14.853   14.853   15.579   15.579   15.876   15.876   16.012   16.012   16.082   16.082
   16.151   16.151   16.231   16.231   16.437   16.437   16.710   16.710   16.735   16.735
            0.166667  0.288675  0.000000
  -12.986  -12.986   -7.721   -7.721   -5.654   -5.654   -5.006   -5.006   -0.460   -0.460
    0.488    0.488    0.632    0.632    1.626    1.626    2.511    2.511    2.908    2.908
    3.254    3.254    4.065    4.065    4.089    4.089    4.609    4.609    6.113    6.113
    6.294    6.294    7.605    7.605    7.684    7.684    8.473    8.473    8.799    8.799
    9.188    9.188    9.334    9.334    9.426    9.426    9.562    9.562    9.618    9.618
    9.895    9.895   10.085   10.085   10.670   10.670   10.694   10.694   11.051   11.051
   11.098   11.098   11.939   11.939   12.843   12.843   12.864   12.864   12.924   12.924
   13.134   13.134   13.453   13.453   13.565   13.565   13.919   13.919   14.508   14.508
   14.960   14.960   15.620   15.620   15.876   15.876   15.882   15.882   16.044   16.044
   16.189   16.189   16.296   16.296   16.393   16.393   16.551   16.551   16.622   16.622
            0.177778  0.307920  0.000000
  -12.860  -12.860   -7.971   -7.971   -5.815   -5.815   -4.887   -4.887   -0.600   -0.600
    0.586    0.586    0.764    0.764    1.679    1.679    2.591    2.591    3.057    3.057
    3.173    3.173    4.213    4.213    4.229    4.229    4.931    4.931    6.246    6.246
    6.444    6.444    7.476    7.476    7.669    7.669    8.356    8.356    8.721    8.721
    8.934    8.934    9.207    9.207    9.338    9.338    9.377    9.377    9.513    9.513
    9.827    9.827   10.202   10.202   10.407   10.407   10.463   10.463   10.876   10.876
   10.907   10.907   11.600   11.600   12.557   12.557   12.593   12.593   12.790   12.790
   12.963   12.963   13.548   13.548   13.615   13.615   14.079   14.079   14.664   14.664
   15.091   15.091   15.412   15.412   15.626   15.626   15.890   15.890   16.078   16.078
   16.180   16.180   16.390   16.390   16.407   16.407   16.454   16.454   16.504   16.504
            0.188889  0.327165  0.000000
  -12.726  -12.726   -8.215   -8.215   -5.974   -5.974   -4.762   -4.762   -0.756   -0.756
    0.695    0.695    0.903    0.903    1.761    1.761    2.595    2.595    3.155    3.155
    3.216    3.216    4.368    4.368    4.379    4.379    5.236    5.236    6.380    6.380
    6.603    6.603    7.386    7.386    7.578    7.578    8.269    8.269    8.593    8.593
    8.697    8.697    8.964    8.964    9.079    9.079    9.304    9.304    9.543    9.543
    9.838    9.838   10.024   10.024   10.134   10.134   10.336   10.336   10.698   10.698
   10.975   10.975   11.338   11.338   12.280   12.280   12.325   12.325   12.604   12.604
   12.743   12.743   13.685   13.685   13.734   13.734   14.292   14.292   14.813   14.813
   15.164   15.164   15.242   15.242   15.361   15.361   15.758   15.758   16.026   16.026
   16.130   16.130   16.313   16.313   16.467   16.467   16.596   16.596   16.635   16.635
            0.200000  0.346410  0.000000
  -12.586  -12.586   -8.452   -8.452   -6.131   -6.131   -4.629   -4.629   -0.923   -0.923
    0.815    0.815    1.048    1.048    1.868    1.868    2.508    2.508    3.234    3.234
    3.386    3.386    4.535    4.535    4.539    4.539    5.470    5.470    6.511    6.511
    6.772    6.772    7.372    7.372    7.437    7.437    8.157    8.157    8.418    8.418
    8.503    8.503    8.712    8.712    8.829    8.829    9.261    9.261    9.510    9.510
    9.774    9.774    9.825    9.825    9.919    9.919   10.142   10.142   10.584   10.584
   10.933   10.933   11.439   11.439   12.013   12.013   12.081   12.081   12.416   12.416
   12.522   12.522   13.830   13.830   13.873   13.873   14.479   14.479   14.828   14.828
   15.051   15.051   15.103   15.103   15.414   15.414   15.558   15.558   15.915   15.915
   15.957   15.957   16.446   16.446   16.610   16.610   16.765   16.765   16.796   16.796
            0.211111  0.365655  0.000000
  -12.440  -12.440   -8.683   -8.683   -6.285   -6.285   -4.491   -4.491   -1.098   -1.098
    0.945    0.945    1.197    1.197    1.995    1.995    2.374    2.374    3.372    3.372
    3.567    3.567    4.707    4.707    4.712    4.712    5.592    5.592    6.617    6.617
    6.951    6.951    7.297    7.297    7.459    7.459    7.978    7.978    8.220    8.220
    8.329    8.329    8.473    8.473    8.594    8.594    9.217    9.217    9.406    9.406
    9.535    9.535    9.598    9.598    9.929    9.929    9.940    9.940   10.550   10.550
   10.863   10.863   11.603   11.603   11.756   11.756   11.913   11.913   12.313   12.313
   12.314   12.314   13.972   13.972   14.014   14.014   14.574   14.574   14.605   14.605
   14.862   14.862   15.169   15.169   15.371   15.371   15.607   15.607   15.687   15.687
   15.952   15.952   16.611   16.611   16.778   16.778   16.945   16.945   16.962   16.963
            0.222222  0.384900  0.000000
  -12.289  -12.289   -8.906   -8.906   -6.433   -6.433   -4.347   -4.347   -1.275   -1.275
    1.086    1.086    1.350    1.350    2.139    2.139    2.228    2.228    3.541    3.541
    3.757    3.757    4.884    4.884    4.900    4.900    5.598    5.598    6.654    6.654
    7.139    7.139    7.218    7.218    7.611    7.611    7.761    7.761    8.023    8.023
    8.108    8.108    8.269    8.269    8.352    8.352    9.156    9.156    9.228    9.228
    9.358    9.358    9.369    9.369    9.775    9.775    9.967    9.967   10.589   10.589
   10.888   10.888   11.480   11.480   11.509   11.509   11.805   11.805   12.127   12.127
   12.492   12.492   14.099   14.099   14.121   14.121   14.391   14.391   14.541   14.541
   14.667   14.667   15.116   15.116   15.376   15.376   15.486   15.486   15.806   15.806
   16.029   16.029   16.774   16.774   16.948   16.948   17.125   17.125   17.135   17.135
            0.233333  0.404145  0.000000
  -12.132  -12.132   -9.121   -9.121   -6.575   -6.575   -4.198   -4.198   -1.452   -1.452
    1.237    1.237    1.499    1.499    2.091    2.091    2.297    2.297    3.728    3.728
    3.956    3.956    5.068    5.068    5.098    5.098    5.524    5.524    6.579    6.579
    7.236    7.236    7.330    7.330    7.530    7.530    7.660    7.660    7.833    7.833
    7.852    7.852    8.100    8.100    8.199    8.199    9.005    9.005    9.076    9.076
    9.156    9.156    9.246    9.246    9.699    9.699   10.021   10.021   10.673   10.673
   10.970   10.970   11.274   11.274   11.283   11.283   11.635   11.635   11.971   11.971
   12.846   12.846   14.033   14.033   14.171   14.171   14.346   14.346   14.377   14.377
   14.591   14.591   14.967   14.967   15.223   15.223   15.590   15.590   15.975   15.975
   16.167   16.167   16.838   16.838   17.101   17.101   17.191   17.191   17.296   17.296
            0.244444  0.423390  0.000000
  -11.971  -11.971   -9.329   -9.329   -6.709   -6.709   -4.046   -4.046   -1.628   -1.628
    1.397    1.397    1.621    1.621    1.993    1.993    2.467    2.467    3.930    3.930
    4.166    4.166    5.254    5.254    5.299    5.299    5.411    5.411    6.432    6.432
    7.240    7.240    7.277    7.277    7.444    7.444    7.588    7.588    7.594    7.594
    7.679    7.679    7.880    7.880    8.277    8.277    8.782    8.782    8.885    8.885
    9.094    9.094    9.163    9.163    9.729    9.729   10.086   10.086   10.779   10.779
   10.976   10.976   11.051   11.051   11.194   11.194   11.455   11.455   11.856   11.856
   13.227   13.227   13.811   13.811   14.112   14.112   14.224   14.224   14.353   14.353
   14.610   14.610   14.877   14.877   15.036   15.036   15.774   15.774   16.086   16.086
   16.341   16.341   16.567   16.567   17.253   17.253   17.266   17.266   17.485   17.485
            0.255556  0.442635  0.000000
  -11.807  -11.807   -9.528   -9.528   -6.835   -6.835   -3.891   -3.891   -1.800   -1.800
    1.566    1.566    1.643    1.643    2.011    2.011    2.646    2.646    4.144    4.144
    4.384    4.384    5.255    5.255    5.438    5.438    5.530    5.530    6.252    6.252
    6.928    6.928    7.104    7.104    7.292    7.292    7.458    7.458    7.494    7.494
    7.779    7.779    7.788    7.788    8.277    8.277    8.567    8.567    8.677    8.677
    8.927    8.927    9.350    9.350    9.823    9.823   10.158   10.158   10.800   10.800
   10.822   10.822   10.912   10.912   11.236   11.236   11.367   11.367   11.796   11.796
   13.536   13.536   13.577   13.577   14.016   14.016   14.102   14.102   14.257   14.257
   14.684   14.684   14.745   14.745   15.011   15.011   15.967   15.967   16.147   16.147
   16.197   16.197   16.531   16.531   17.431   17.431   17.436   17.436   17.659   17.659
            0.266667  0.461880  0.000000
  -11.641  -11.641   -9.720   -9.720   -6.950   -6.950   -3.735   -3.735   -1.969   -1.969
    1.567    1.567    1.743    1.743    2.143    2.143    2.832    2.832    4.368    4.368
    4.610    4.610    5.106    5.106    5.601    5.601    5.755    5.755    6.031    6.031
    6.595    6.595    6.906    6.906    7.104    7.104    7.257    7.257    7.339    7.339
    7.858    7.858    7.997    7.997    8.180    8.180    8.363    8.363    8.483    8.483
    8.770    8.770    9.601    9.601    9.941    9.941   10.263   10.263   10.605   10.605
   10.632   10.632   11.026   11.026   11.100   11.100   11.522   11.522   11.798   11.798
   13.344   13.344   13.561   13.561   13.911   13.911   14.091   14.091   14.246   14.246
   14.555   14.555   14.752   14.752   15.087   15.087   15.862   15.862   16.162   16.162
   16.191   16.191   16.715   16.715   17.570   17.570   17.623   17.623   17.643   17.643
            0.277778  0.481125  0.000000
  -11.474  -11.474   -9.903   -9.903   -7.053   -7.053   -3.578   -3.578   -2.132   -2.132
    1.470    1.470    1.928    1.928    2.314    2.314    3.020    3.020    4.602    4.602
    4.842    4.842    4.956    4.956    5.703    5.703    5.724    5.724    5.989    5.989
    6.405    6.405    6.714    6.714    6.919    6.919    7.062    7.062    7.156    7.156
    7.965    7.965    8.029    8.029    8.177    8.177    8.179    8.179    8.353    8.353
    8.651    8.651    9.749    9.749   10.051   10.051   10.421   10.421   10.423   10.423
   10.510   10.510   10.980   10.980   11.157   11.157   11.713   11.713   11.856   11.856
   13.115   13.115   13.419   13.419   13.755   13.755   13.889   13.889   14.375   14.375
   14.600   14.600   14.779   14.779   15.047   15.047   15.700   15.700   16.252   16.252
   16.356   16.356   16.868   16.868   17.473   17.473   17.546   17.546   17.839   17.851
            0.288889  0.500370  0.000000
  -11.308  -11.308  -10.078  -10.078   -7.143   -7.143   -3.423   -3.423   -2.289   -2.289
    1.380    1.380    2.118    2.118    2.498    2.498    3.204    3.204    4.784    4.784
    4.870    4.870    5.063    5.063    5.345    5.345    5.709    5.709    6.227    6.227
    6.398    6.398    6.553    6.553    6.747    6.747    6.873    6.873    6.981    6.981
    7.875    7.875    7.929    7.929    8.070    8.070    8.085    8.085    8.519    8.519
    8.627    8.627    9.747    9.747   10.092   10.092   10.263   10.263   10.280   10.280
   10.844   10.844   10.921   10.921   11.301   11.301   11.912   11.912   11.952   11.952
   12.895   12.895   13.255   13.255   13.599   13.599   13.654   13.654   14.223   14.223
   14.750   14.750   14.820   14.820   14.977   14.977   15.778   15.778   16.350   16.350
   16.537   16.537   16.954   16.954   17.303   17.303   17.440   17.440   17.775   17.775
            0.300000  0.519615  0.000000
  -11.144  -11.144  -10.244  -10.244   -7.216   -7.216   -3.270   -3.270   -2.440   -2.440
    1.304    1.304    2.313    2.313    2.688    2.688    3.367    3.367    4.662    4.662
    4.902    4.902    5.107    5.107    5.318    5.318    5.671    5.671    6.315    6.315
    6.419    6.419    6.577    6.577    6.637    6.637    6.695    6.695    6.841    6.841
    7.714    7.714    7.769    7.769    7.906    7.906    8.021    8.021    8.728    8.728
    8.763    8.763    9.666    9.666    9.990    9.990   10.100   10.100   10.222   10.222
   10.957   10.957   11.225   11.225   11.461   11.461   12.054   12.054   12.109   12.109
   12.697   12.697   13.096   13.096   13.387   13.387   13.449   13.449   14.110   14.110
   14.557   14.557   14.669   14.669   15.347   15.347   15.953   15.953   16.480   16.480
   16.685   16.685   16.938   16.938   17.151   17.151   17.355   17.355   17.636   17.636
            0.311111  0.538860  0.000000
  -10.985  -10.985  -10.402  -10.402   -7.272   -7.272   -3.122   -3.122   -2.584   -2.584
    1.247    1.247    2.507    2.507    2.877    2.877    3.468    3.468    4.537    4.537
    4.556    4.556    5.366    5.366    5.416    5.416    5.744    5.744    6.155    6.155
    6.359    6.359    6.522    6.522    6.566    6.566    6.801    6.801    6.882    6.882
    7.556    7.556    7.603    7.603    7.746    7.746    7.921    7.921    8.899    8.899
    9.021    9.021    9.548    9.548    9.837    9.837    9.947    9.947   10.165   10.165
   11.080   11.080   11.492   11.492   11.711   11.711   12.105   12.105   12.286   12.286
   12.574   12.574   12.956   12.956   13.101   13.101   13.314   13.314   14.039   14.039
   14.343   14.343   14.550   14.550   15.698   15.698   16.149   16.149   16.617   16.617
   16.762   16.762   16.820   16.820   17.037   17.037   17.347   17.347   17.503   17.503
            0.322222  0.558105  0.000000
  -10.833  -10.833  -10.551  -10.551   -7.307   -7.307   -2.982   -2.982   -2.721   -2.721
    1.210    1.210    2.691    2.691    3.060    3.060    3.417    3.417    4.358    4.358
    4.431    4.431    5.396    5.396    5.626    5.626    5.955    5.955    6.011    6.011
    6.229    6.229    6.361    6.361    6.438    6.438    7.054    7.054    7.069    7.069
    7.404    7.404    7.446    7.446    7.599    7.599    7.824    7.824    9.086    9.086
    9.274    9.274    9.424    9.424    9.684    9.684    9.805    9.805   10.103   10.103
   11.253   11.253   11.564   11.564   11.970   11.970   12.130   12.130   12.402   12.402
   12.557   12.557   12.850   12.850   12.857   12.857   13.209   13.209   13.998   13.998
   14.233   14.233   14.411   14.411   16.014   16.014   16.335   16.335   16.639   16.639
   16.702   16.702   16.756   16.756   16.978   16.978   17.399   17.399   17.433   17.433
            0.333333  0.577350  0.000000
  -10.694  -10.694  -10.689  -10.689   -7.319   -7.319   -2.851   -2.851   -2.850   -2.850
    1.198    1.198    2.802    2.802    3.217    3.217    3.237    3.237    4.352    4.352
    4.356    4.356    5.377    5.377    5.845    5.845    5.845    5.845    6.147    6.147
    6.210    6.210    6.210    6.210    6.333    6.333    7.225    7.225    7.225    7.225
    7.318    7.318    7.318    7.318    7.502    7.502    7.774    7.774    9.251    9.251
    9.251    9.251    9.539    9.539    9.539    9.539    9.707    9.707   10.073   10.073
   11.450   11.450   11.451   11.451   11.972   11.972   12.401   12.401   12.402   12.402
   12.413   12.413   12.806   12.806   12.808   12.808   13.166   13.166   13.973   13.973
   14.277   14.277   14.279   14.279   16.196   16.196   16.469   16.469   16.475   16.475
   16.713   16.713   16.715   16.715   16.981   16.981   17.356   17.356   17.560   17.560
            0.322222  0.577350  0.000000
  -10.758  -10.758  -10.625  -10.625   -7.316   -7.316   -2.913   -2.913   -2.789   -2.789
    1.201    1.201    2.749    2.749    3.191    3.191    3.299    3.299    4.332    4.332
    4.390    4.390    5.384    5.384    5.774    5.774    5.879    5.879    6.136    6.136
    6.189    6.189    6.209    6.209    6.410    6.410    7.170    7.170    7.203    7.203
    7.323    7.323    7.325    7.325    7.558    7.558    7.793    7.793    9.179    9.179
    9.310    9.310    9.473    9.473    9.550    9.550    9.769    9.769   10.083   10.083
   11.333   11.333   11.553   11.553   11.973   11.973   12.287   12.287   12.365   12.365
   12.548   12.548   12.780   12.780   12.832   12.832   13.175   13.175   13.983   13.983
   14.226   14.226   14.353   14.353   16.138   16.138   16.440   16.440   16.508   16.508
   16.694   16.694   16.761   16.761   16.974   16.974   17.369   17.369   17.505   17.505
            0.311111  0.577350  0.000000
  -10.823  -10.823  -10.562  -10.562   -7.306   -7.306   -2.973   -2.973   -2.730   -2.730
    1.211    1.211    2.607    2.607    3.228    3.228    3.360    3.360    4.324    4.324
    4.432    4.432    5.403    5.403    5.705    5.705    5.854    5.854    6.067    6.067
    6.156    6.156    6.292    6.292    6.545    6.545    7.104    7.104    7.141    7.141
    7.278    7.278    7.338    7.338    7.681    7.681    7.852    7.852    9.104    9.104
    9.337    9.337    9.421    9.421    9.501    9.501    9.896    9.896   10.117   10.117
   11.194   11.194   11.655   11.655   11.966   11.966   12.171   12.171   12.315   12.315
   12.680   12.680   12.745   12.745   12.852   12.852   13.193   13.193   14.015   14.015
   14.191   14.191   14.455   14.455   16.012   16.012   16.405   16.405   16.523   16.523
   16.675   16.675   16.842   16.842   16.966   16.966   17.407   17.407   17.462   17.462
            0.300000  0.577350  0.000000
  -10.886  -10.886  -10.503  -10.503   -7.290   -7.290   -3.031   -3.031   -2.675   -2.675
    1.228    1.228    2.424    2.424    3.296    3.296    3.407    3.407    4.333    4.333
    4.476    4.476    5.436    5.436    5.639    5.639    5.805    5.805    6.000    6.000
    6.100    6.100    6.421    6.421    6.688    6.688    7.038    7.038    7.077    7.077
    7.223    7.223    7.331    7.331    7.823    7.823    7.943    7.943    9.028    9.028
    9.308    9.308    9.407    9.407    9.443    9.443   10.036   10.036   10.176   10.176
   11.042   11.042   11.755   11.755   11.927   11.927   12.084   12.084   12.257   12.257
   12.704   12.704   12.779   12.779   12.885   12.885   13.207   13.207   14.068   14.068
   14.181   14.181   14.580   14.580   15.857   15.857   16.354   16.354   16.525   16.525
   16.653   16.653   16.855   16.855   17.037   17.037   17.420   17.420   17.466   17.466
            0.288889  0.577350  0.000000
  -10.946  -10.946  -10.448  -10.448   -7.266   -7.266   -3.087   -3.087   -2.623   -2.623
    1.251    1.251    2.224    2.224    3.372    3.372    3.438    3.438    4.360    4.360
    4.519    4.519    5.481    5.481    5.577    5.577    5.749    5.749    5.935    5.935
    6.049    6.049    6.558    6.558    6.832    6.832    6.975    6.975    7.014    7.014
    7.168    7.168    7.313    7.313    7.972    7.972    8.055    8.055    8.950    8.950
    9.253    9.253    9.383    9.383    9.405    9.405   10.180   10.180   10.256   10.256
   10.883   10.883   11.837   11.837   11.852   11.852   12.045   12.045   12.195   12.195
   12.660   12.660   12.796   12.796   12.986   12.986   13.209   13.209   14.138   14.138
   14.201   14.201   14.719   14.719   15.688   15.688   16.296   16.296   16.522   16.522
   16.629   16.629   16.808   16.808   17.170   17.171   17.368   17.368   17.536   17.536
            0.277778  0.577350  0.000000
  -11.004  -11.004  -10.396  -10.396   -7.235   -7.235   -3.142   -3.142   -2.575   -2.575
    1.282    1.282    2.016    2.016    3.444    3.444    3.457    3.457    4.406    4.406
    4.562    4.562    5.502    5.502    5.548    5.548    5.692    5.692    5.873    5.873
    6.007    6.007    6.689    6.689    6.920    6.920    6.939    6.939    6.983    6.983
    7.119    7.119    7.298    7.298    8.125    8.125    8.177    8.177    8.870    8.870
    9.194    9.194    9.324    9.324    9.398    9.398   10.322   10.322   10.351   10.351
   10.723   10.723   11.729   11.729   11.936   11.936   12.025   12.025   12.132   12.132
   12.615   12.615   12.773   12.773   13.113   13.113   13.200   13.200   14.221   14.221
   14.250   14.250   14.866   14.866   15.509   15.509   16.235   16.235   16.514   16.514
   16.611   16.611   16.747   16.747   17.288   17.288   17.326   17.326   17.606   17.606
            0.266667  0.577350  0.000000
  -11.060  -11.060  -10.350  -10.350   -7.198   -7.198   -3.194   -3.194   -2.530   -2.530
    1.319    1.319    1.805    1.805    3.458    3.458    3.515    3.515    4.467    4.467
    4.607    4.607    5.449    5.449    5.595    5.595    5.635    5.635    5.813    5.813
    5.980    5.980    6.773    6.773    6.889    6.889    6.899    6.899    7.082    7.082
    7.090    7.090    7.313    7.313    8.280    8.280    8.304    8.304    8.789    8.789
    9.136    9.136    9.266    9.266    9.386    9.386   10.440   10.440   10.457   10.457
   10.587   10.587   11.616   11.616   12.007   12.007   12.011   12.011   12.067   12.067
   12.571   12.571   12.738   12.738   13.187   13.187   13.246   13.246   14.315   14.315
   14.324   14.324   15.013   15.013   15.322   15.322   16.173   16.173   16.491   16.491
   16.615   16.615   16.680   16.680   17.208   17.208   17.468   17.468   17.561   17.561
            0.255556  0.577350  0.000000
  -11.113  -11.113  -10.307  -10.307   -7.153   -7.153   -3.245   -3.245   -2.489   -2.489
    1.364    1.364    1.594    1.594    3.451    3.451    3.575    3.575    4.542    4.542
    4.657    4.657    5.393    5.393    5.580    5.580    5.634    5.634    5.756    5.756
    5.979    5.979    6.752    6.752    6.833    6.833    6.919    6.919    7.124    7.124
    7.132    7.132    7.399    7.399    8.432    8.432    8.438    8.438    8.707    8.707
    9.080    9.080    9.210    9.210    9.376    9.376   10.366   10.366   10.567   10.567
   10.643   10.643   11.507   11.507   11.990   11.990   12.002   12.002   12.067   12.067
   12.528   12.528   12.697   12.697   13.179   13.179   13.382   13.382   14.415   14.415
   14.417   14.417   15.130   15.130   15.152   15.152   16.111   16.111   16.448   16.448
   16.610   16.610   16.652   16.652   17.104   17.104   17.333   17.333   17.611   17.611
            0.244444  0.577350  0.000000
  -11.164  -11.164  -10.268  -10.268   -7.101   -7.101   -3.293   -3.293   -2.452   -2.452
    1.383    1.383    1.415    1.415    3.437    3.437    3.625    3.625    4.626    4.626
    4.713    4.713    5.338    5.338    5.526    5.526    5.648    5.648    5.701    5.701
    6.013    6.013    6.701    6.701    6.778    6.778    6.897    6.897    7.121    7.121
    7.253    7.253    7.536    7.536    8.555    8.555    8.585    8.585    8.633    8.633
    9.026    9.026    9.156    9.156    9.372    9.372   10.215   10.215   10.678   10.678
   10.771   10.771   11.408   11.408   11.937   11.937   11.970   11.970   12.102   12.102
   12.485   12.485   12.653   12.653   13.189   13.189   13.519   13.519   14.519   14.519
   14.521   14.521   14.937   14.937   15.276   15.276   16.051   16.051   16.387   16.387
   16.536   16.536   16.716   16.716   16.985   16.985   17.107   17.107   17.441   17.441
            0.233333  0.577350  0.000000
  -11.213  -11.213  -10.234  -10.234   -7.043   -7.043   -3.340   -3.340   -2.418   -2.418
    1.173    1.173    1.473    1.473    3.417    3.417    3.664    3.664    4.717    4.717
    4.779    4.779    5.286    5.286    5.474    5.474    5.637    5.637    5.650    5.650
    6.078    6.078    6.644    6.644    6.726    6.726    6.857    6.857    7.110    7.110
    7.403    7.403    7.691    7.691    8.528    8.528    8.668    8.668    8.760    8.760
    8.974    8.974    9.105    9.105    9.380    9.380   10.065   10.065   10.784   10.784
   10.881   10.881   11.336   11.336   11.875   11.875   11.948   11.948   12.116   12.116
   12.443   12.443   12.609   12.609   13.223   13.223   13.658   13.658   14.610   14.610
   14.626   14.626   14.765   14.765   15.380   15.380   15.992   15.992   16.304   16.304
   16.454   16.454   16.783   16.783   16.847   16.847   16.927   16.927   17.229   17.229
            0.222222  0.577350  0.000000
  -11.260  -11.260  -10.204  -10.204   -6.979   -6.979   -3.384   -3.384   -2.387   -2.387
    0.965    0.965    1.537    1.537    3.395    3.395    3.692    3.692    4.813    4.813
    4.854    4.854    5.237    5.237    5.425    5.425    5.601    5.601    5.613    5.613
    6.160    6.160    6.587    6.587    6.676    6.676    6.813    6.813    7.101    7.101
    7.563    7.563    7.853    7.853    8.437    8.437    8.763    8.763    8.909    8.909
    8.925    8.925    9.066    9.066    9.409    9.409    9.921    9.921   10.878   10.878
   10.928   10.928   11.328   11.328   11.819   11.819   11.926   11.926   12.112   12.112
   12.403   12.403   12.566   12.566   13.283   13.283   13.797   13.797   14.500   14.500
   14.732   14.732   14.796   14.796   15.464   15.464   15.934   15.934   16.182   16.182
   16.358   16.358   16.690   16.690   16.699   16.699   16.964   16.964   17.049   17.049
            0.211111  0.577350  0.000000
  -11.305  -11.305  -10.177  -10.177   -6.908   -6.908   -3.427   -3.427   -2.360   -2.360
    0.760    0.760    1.607    1.607    3.371    3.371    3.710    3.710    4.909    4.909
    4.936    4.936    5.190    5.190    5.379    5.379    5.555    5.555    5.585    5.585
    6.245    6.245    6.531    6.531    6.629    6.629    6.770    6.770    7.102    7.102
    7.727    7.727    8.018    8.018    8.341    8.341    8.833    8.833    8.880    8.880
    8.967    8.967    9.118    9.118    9.467    9.467    9.788    9.788   10.892   10.892
   10.950   10.950   11.406   11.406   11.774   11.774   11.903   11.903   12.096   12.096
   12.365   12.365   12.527   12.527   13.364   13.364   13.936   13.936   14.302   14.302
   14.837   14.837   14.916   14.916   15.531   15.531   15.878   15.878   16.013   16.013
   16.235   16.235   16.526   16.526   16.589   16.589   16.903   16.903   17.095   17.095
            0.200000  0.577350  0.000000
  -11.347  -11.347  -10.154  -10.154   -6.832   -6.832   -3.468   -3.468   -2.336   -2.336
    0.558    0.558    1.683    1.683    3.347    3.347    3.719    3.719    5.003    5.003
    5.023    5.023    5.146    5.146    5.337    5.337    5.514    5.514    5.558    5.558
    6.326    6.326    6.475    6.475    6.584    6.584    6.729    6.729    7.118    7.118
    7.894    7.894    8.185    8.185    8.243    8.243    8.829    8.829    8.886    8.886
    8.932    8.932    9.260    9.260    9.553    9.553    9.672    9.672   10.812   10.812
   10.990   10.990   11.526   11.526   11.749   11.749   11.883   11.883   12.074   12.074
   12.337   12.337   12.493   12.493   13.463   13.463   14.073   14.073   14.097   14.097
   14.938   14.938   15.043   15.043   15.583   15.583   15.810   15.810   15.821   15.821
   16.073   16.073   16.380   16.380   16.514   16.514   16.783   16.783   17.220   17.220
            0.188889  0.577350  0.000000
  -11.387  -11.387  -10.135  -10.135   -6.751   -6.751   -3.507   -3.507   -2.315   -2.315
    0.360    0.360    1.763    1.763    3.325    3.325    3.722    3.722    5.082    5.082
    5.090    5.090    5.129    5.129    5.305    5.305    5.479    5.479    5.537    5.537
    6.394    6.394    6.419    6.419    6.542    6.542    6.690    6.690    7.154    7.154
    8.060    8.060    8.144    8.144    8.351    8.351    8.788    8.788    8.886    8.886
    8.914    8.914    9.377    9.377    9.602    9.602    9.664    9.664   10.718   10.718
   10.989   10.989   11.650   11.650   11.743   11.743   11.870   11.870   12.050   12.050
   12.325   12.325   12.468   12.468   13.574   13.574   13.889   13.889   14.207   14.207
   15.033   15.033   15.167   15.167   15.558   15.558   15.655   15.655   15.752   15.752
   15.893   15.893   16.252   16.252   16.461   16.461   16.680   16.680   17.101   17.101
            0.177778  0.577350  0.000000
  -11.425  -11.425  -10.118  -10.118   -6.665   -6.665   -3.543   -3.543   -2.297   -2.297
    0.165    0.165    1.848    1.848    3.303    3.303    3.720    3.720    5.057    5.057
    5.139    5.139    5.198    5.198    5.296    5.296    5.458    5.458    5.529    5.529
    6.364    6.364    6.445    6.445    6.506    6.506    6.653    6.653    7.211    7.211
    8.033    8.033    8.237    8.237    8.512    8.512    8.748    8.748    8.839    8.839
    8.937    8.937    9.371    9.371    9.668    9.668    9.789    9.789   10.624   10.624
   10.951   10.951   11.738   11.738   11.749   11.749   11.890   11.890   12.026   12.026
   12.338   12.338   12.459   12.459   13.680   13.680   13.697   13.697   14.336   14.336
   15.119   15.119   15.272   15.272   15.343   15.343   15.609   15.609   15.680   15.680
   15.784   15.784   16.131   16.131   16.407   16.407   16.591   16.591   16.905   16.905
            0.166667  0.577350  0.000000
  -11.460  -11.460  -10.104  -10.104   -6.576   -6.576   -3.578   -3.578   -2.281   -2.281
   -0.025   -0.025    1.936    1.936    3.285    3.285    3.714    3.714    5.020    5.020
    5.139    5.139    5.256    5.256    5.306    5.306    5.469    5.469    5.549    5.549
    6.309    6.309    6.452    6.452    6.498    6.498    6.620    6.620    7.290    7.290
    7.930    7.930    8.407    8.407    8.655    8.655    8.710    8.710    8.793    8.793
    8.975    8.975    9.299    9.299    9.807    9.807    9.920    9.920   10.536   10.536
   10.890   10.890   11.750   11.750   11.757   11.757   11.961   11.961   12.001   12.001
   12.385   12.385   12.476   12.476   13.476   13.476   13.823   13.823   14.454   14.454
   15.084   15.084   15.231   15.231   15.278   15.278   15.471   15.471   15.711   15.711
   15.754   15.754   16.008   16.008   16.318   16.318   16.513   16.513   16.763   16.763
            0.155556  0.577350  0.000000
  -11.494  -11.494  -10.092  -10.092   -6.484   -6.484   -3.611   -3.611   -2.268   -2.268
   -0.210   -0.210    2.027    2.027    3.270    3.270    3.705    3.705    4.985    4.985
    5.112    5.112    5.281    5.281    5.300    5.300    5.523    5.523    5.607    5.607
    6.256    6.256    6.422    6.422    6.519    6.519    6.590    6.590    7.385    7.385
    7.826    7.826    8.573    8.573    8.675    8.675    8.748    8.748    8.754    8.754
    9.056    9.056    9.225    9.225    9.945    9.945   10.045   10.045   10.469   10.469
   10.822   10.822   11.743   11.743   11.746   11.746   11.972   11.972   12.029   12.029
   12.465   12.465   12.535   12.535   13.273   13.273   13.955   13.955   14.548   14.548
   14.870   14.870   15.092   15.092   15.307   15.307   15.455   15.455   15.732   15.732
   15.777   15.777   15.884   15.884   16.169   16.169   16.444   16.444   16.709   16.709
            0.144444  0.577350  0.000000
  -11.525  -11.525  -10.083  -10.083   -6.390   -6.390   -3.643   -3.643   -2.256   -2.256
   -0.390   -0.390    2.119    2.119    3.259    3.259    3.695    3.695    4.952    4.952
    5.077    5.077    5.279    5.279    5.281    5.281    5.596    5.596    5.693    5.693
    6.205    6.205    6.391    6.391    6.536    6.536    6.564    6.564    7.492    7.492
    7.726    7.726    8.642    8.642    8.680    8.680    8.755    8.755    8.802    8.802
    9.165    9.165    9.190    9.190   10.040   10.040   10.144   10.144   10.454   10.454
   10.773   10.773   11.727   11.727   11.729   11.729   11.937   11.937   12.064   12.064
   12.571   12.571   12.640   12.640   13.078   13.078   14.090   14.090   14.530   14.530
   14.745   14.745   14.860   14.860   15.396   15.396   15.410   15.410   15.729   15.729
   15.762   15.762   15.855   15.855   15.991   15.991   16.381   16.381   16.723   16.723
            0.133333  0.577350  0.000000
  -11.553  -11.553  -10.075  -10.075   -6.294   -6.294   -3.672   -3.672   -2.247   -2.247
   -0.563   -0.563    2.211    2.211    3.254    3.254    3.683    3.683    4.922    4.922
    5.039    5.039    5.255    5.255    5.268    5.268    5.666    5.666    5.791    5.791
    6.160    6.160    6.360    6.360    6.542    6.542    6.551    6.551    7.604    7.604
    7.633    7.633    8.611    8.611    8.642    8.642    8.827    8.827    8.875    8.875
    9.139    9.139    9.355    9.355   10.056   10.056   10.188   10.188   10.529   10.529
   10.776   10.776   11.707   11.707   11.709   11.709   11.895   11.895   12.073   12.073
   12.682   12.682   12.780   12.780   12.905   12.905   14.226   14.226   14.332   14.332
   14.621   14.621   14.782   14.782   15.312   15.312   15.494   15.494   15.641   15.641
   15.670   15.670   15.872   15.872   15.943   15.943   16.321   16.321   16.777   16.777
            0.122222  0.577350  0.000000
  -11.580  -11.580  -10.069  -10.069   -6.198   -6.198   -3.699   -3.699   -2.238   -2.238
   -0.729   -0.729    2.301    2.301    3.256    3.256    3.671    3.671    4.894    4.894
    5.000    5.000    5.229    5.229    5.251    5.251    5.721    5.721    5.891    5.891
    6.126    6.126    6.333    6.333    6.526    6.526    6.569    6.569    7.548    7.548
    7.714    7.714    8.583    8.583    8.594    8.594    8.849    8.849    8.922    8.922
    9.200    9.200    9.531    9.531   10.021   10.021   10.163   10.163   10.668   10.668
   10.849   10.849   11.687   11.687   11.689   11.689   11.843   11.843   12.068   12.068
   12.663   12.663   12.886   12.886   12.939   12.939   14.102   14.102   14.343   14.343
   14.400   14.400   14.833   14.833   15.172   15.172   15.450   15.450   15.602   15.602
   15.603   15.603   15.843   15.843   16.026   16.026   16.262   16.262   16.850   16.850
            0.111111  0.577350  0.000000
  -11.604  -11.604  -10.064  -10.064   -6.102   -6.102   -3.725   -3.725   -2.232   -2.232
   -0.887   -0.887    2.386    2.386    3.267    3.267    3.659    3.659    4.868    4.868
    4.958    4.958    5.205    5.205    5.233    5.233    5.748    5.748    5.985    5.985
    6.111    6.111    6.307    6.307    6.515    6.515    6.595    6.595    7.474    7.474
    7.818    7.818    8.542    8.542    8.558    8.558    8.878    8.878    8.903    8.903
    9.321    9.321    9.707    9.707    9.981    9.981   10.097   10.097   10.833   10.833
   10.970   10.970   11.665   11.665   11.672   11.672   11.778   11.778   12.058   12.058
   12.519   12.519   13.019   13.019   13.111   13.111   13.870   13.870   14.135   14.135
   14.499   14.499   14.867   14.867   15.008   15.008   15.236   15.236   15.551   15.551
   15.713   15.713   15.845   15.845   16.088   16.088   16.203   16.203   16.918   16.922
            0.100000  0.577350  0.000000
  -11.625  -11.625  -10.061  -10.061   -6.008   -6.008   -3.749   -3.749   -2.226   -2.226
   -1.037   -1.037    2.464    2.464    3.288    3.288    3.648    3.648    4.845    4.845
    4.915    4.915    5.183    5.183    5.214    5.214    5.740    5.740    6.066    6.066
    6.118    6.118    6.284    6.284    6.512    6.512    6.635    6.635    7.416    7.416
    7.908    7.908    8.488    8.488    8.534    8.534    8.868    8.868    8.922    8.922
    9.433    9.433    9.847    9.847    9.970    9.970   10.051   10.051   11.008   11.008
   11.113   11.113   11.645   11.645   11.656   11.656   11.696   11.696   12.046   12.046
   12.387   12.387   13.172   13.172   13.287   13.287   13.641   13.641   13.897   13.897
   14.614   14.614   14.841   14.841   14.863   14.863   15.041   15.041   15.511   15.511
   15.783   15.783   15.898   15.898   16.097   16.097   16.170   16.170   16.917   16.918
            0.088889  0.577350  0.000000
  -11.645  -11.645  -10.058  -10.058   -5.917   -5.917   -3.771   -3.771   -2.222   -2.222
   -1.176   -1.176    2.532    2.532    3.323    3.323    3.637    3.637    4.824    4.824
    4.869    4.869    5.162    5.162    5.197    5.197    5.707    5.707    6.130    6.130
    6.139    6.139    6.263    6.263    6.516    6.516    6.693    6.693    7.375    7.375
    7.978    7.978    8.430    8.430    8.514    8.514    8.833    8.833    8.985    8.985
    9.495    9.495    9.831    9.831   10.021   10.021   10.158   10.158   11.185   11.185
   11.253   11.253   11.599   11.599   11.627   11.627   11.643   11.643   12.036   12.036
   12.285   12.285   13.330   13.330   13.377   13.377   13.507   13.507   13.660   13.660
   14.584   14.584   14.723   14.723   14.808   14.808   14.971   14.971   15.477   15.477
   15.791   15.791   16.013   16.013   16.031   16.031   16.189   16.189   16.866   16.867
            0.077778  0.577350  0.000000
  -11.662  -11.662  -10.056  -10.056   -5.831   -5.831   -3.791   -3.791   -2.218   -2.218
   -1.304   -1.304    2.589    2.589    3.371    3.371    3.627    3.627    4.806    4.806
    4.819    4.819    5.144    5.144    5.182    5.182    5.660    5.660    6.159    6.159
    6.177    6.177    6.245    6.245    6.526    6.526    6.768    6.768    7.353    7.353
    8.024    8.024    8.369    8.369    8.496    8.496    8.801    8.801    9.069    9.069
    9.501    9.501    9.743    9.743   10.137   10.137   10.340   10.340   11.321   11.321
   11.357   11.357   11.546   11.546   11.616   11.616   11.636   11.636   12.031   12.031
   12.218   12.218   13.173   13.173   13.416   13.416   13.500   13.500   13.676   13.676
   14.405   14.405   14.508   14.508   14.911   14.911   14.971   14.971   15.446   15.446
   15.785   15.785   15.945   15.945   16.135   16.135   16.211   16.211   16.717   16.717
            0.066667  0.577350  0.000000
  -11.677  -11.677  -10.055  -10.055   -5.751   -5.751   -3.809   -3.809   -2.216   -2.216
   -1.420   -1.420    2.634    2.634    3.431    3.431    3.617    3.617    4.764    4.764
    4.790    4.790    5.128    5.128    5.168    5.168    5.608    5.608    6.175    6.175
    6.206    6.206    6.230    6.230    6.538    6.538    6.858    6.858    7.352    7.352
    8.046    8.046    8.304    8.304    8.481    8.481    8.774    8.774    9.175    9.175
    9.477    9.477    9.653    9.653   10.294   10.294   10.537   10.537   11.222   11.222
   11.501   11.501   11.577   11.577   11.646   11.646   11.662   11.662   12.039   12.039
   12.188   12.188   12.956   12.956   13.188   13.188   13.653   13.653   13.866   13.866
   14.213   14.213   14.284   14.284   14.976   14.976   15.017   15.017   15.415   15.415
   15.771   15.771   15.854   15.854   16.222   16.222   16.234   16.234   16.585   16.585
            0.055556  0.577350  0.000000
  -11.690  -11.690  -10.053  -10.053   -5.678   -5.678   -3.825   -3.825   -2.214   -2.214
   -1.521   -1.521    2.668    2.668    3.502    3.502    3.610    3.610    4.705    4.705
    4.777    4.777    5.114    5.114    5.156    5.156    5.559    5.559    6.185    6.185
    6.213    6.213    6.229    6.229    6.549    6.549    6.955    6.955    7.371    7.371
    8.047    8.047    8.236    8.236    8.468    8.468    8.751    8.751    9.292    9.292
    9.443    9.443    9.576    9.576   10.471   10.471   10.738   10.738   11.064   11.064
   11.562   11.562   11.571   11.571   11.711   11.711   11.768   11.768   12.074   12.074
   12.206   12.206   12.749   12.749   12.958   12.958   13.787   13.787   14.040   14.040
   14.043   14.043   14.077   14.077   14.981   14.981   15.107   15.107   15.381   15.381
   15.749   15.749   15.767   15.767   16.185   16.185   16.265   16.265   16.573   16.573
            0.044444  0.577350  0.000000
  -11.700  -11.700  -10.053  -10.053   -5.615   -5.615   -3.839   -3.839   -2.212   -2.212
   -1.607   -1.607    2.692    2.692    3.579    3.579    3.603    3.603    4.643    4.643
    4.766    4.766    5.102    5.102    5.146    5.146    5.515    5.515    6.191    6.191
    6.203    6.203    6.239    6.239    6.558    6.558    7.055    7.055    7.407    7.407
    8.029    8.029    8.166    8.166    8.457    8.457    8.732    8.732    9.384    9.384
    9.410    9.410    9.552    9.552   10.657   10.657   10.880   10.880   10.951   10.951
   11.562   11.562   11.568   11.568   11.773   11.773   11.843   11.843   12.151   12.151
   12.284   12.284   12.567   12.567   12.732   12.732   13.744   13.744   13.834   13.834
   14.042   14.042   14.258   14.258   14.985   14.985   15.164   15.164   15.343   15.343
   15.699   15.699   15.708   15.708   16.056   16.056   16.308   16.308   16.665   16.665
            0.033333  0.577350  0.000000
  -11.708  -11.708  -10.052  -10.052   -5.564   -5.564   -3.850   -3.850   -2.211   -2.211
   -1.675   -1.675    2.708    2.708    3.598    3.598    3.655    3.655    4.581    4.581
    4.757    4.757    5.093    5.093    5.138    5.138    5.479    5.479    6.193    6.193
    6.195    6.195    6.245    6.245    6.563    6.563    7.149    7.149    7.453    7.453
    7.999    7.999    8.097    8.097    8.449    8.449    8.717    8.717    9.379    9.379
    9.382    9.382    9.652    9.652   10.704   10.704   10.848   10.848   11.153   11.153
   11.555   11.555   11.565   11.565   11.781   11.781   11.876   11.876   12.210   12.210
   12.409   12.409   12.479   12.479   12.519   12.519   13.561   13.561   13.614   13.614
   14.178   14.178   14.454   14.454   14.989   14.989   15.161   15.161   15.319   15.319
   15.622   15.622   15.659   15.659   15.943   15.943   16.366   16.366   16.773   16.773
            0.022222  0.577350  0.000000
  -11.714  -11.714  -10.052  -10.052   -5.526   -5.526   -3.859   -3.859   -2.210   -2.210
   -1.725   -1.725    2.718    2.718    3.594    3.594    3.723    3.723    4.524    4.524
    4.751    4.751    5.087    5.087    5.133    5.133    5.452    5.452    6.189    6.189
    6.194    6.194    6.249    6.249    6.565    6.565    7.230    7.230    7.502    7.502
    7.965    7.965    8.035    8.035    8.443    8.443    8.707    8.707    9.346    9.346
    9.361    9.361    9.806    9.806   10.521   10.521   11.037   11.037   11.359   11.359
   11.549   11.549   11.559   11.559   11.736   11.736   11.885   11.885   12.147   12.147
   12.286   12.286   12.582   12.582   12.594   12.594   13.363   13.363   13.397   13.397
   14.318   14.318   14.645   14.645   14.997   14.997   15.093   15.093   15.321   15.321
   15.478   15.478   15.645   15.645   15.884   15.884   16.440   16.440   16.851   16.865
            0.011111  0.577350  0.000000
  -11.717  -11.717  -10.052  -10.052   -5.503   -5.503   -3.864   -3.864   -2.209   -2.209
   -1.756   -1.756    2.724    2.724    3.592    3.592    3.772    3.772    4.483    4.483
    4.747    4.747    5.083    5.083    5.129    5.129    5.436    5.436    6.185    6.185
    6.195    6.195    6.250    6.250    6.566    6.566    7.287    7.287    7.542    7.542
    7.936    7.936    7.987    7.987    8.440    8.440    8.701    8.701    9.322    9.322
    9.348    9.348    9.973    9.973   10.339   10.339   11.216   11.216   11.540   11.540
   11.541   11.541   11.566   11.566   11.651   11.651   11.870   11.870   12.083   12.083
   12.097   12.097   12.757   12.757   12.775   12.775   13.164   13.164   13.188   13.188
   14.432   14.432   14.811   14.811   15.011   15.011   15.026   15.026   15.304   15.304
   15.327   15.327   15.644   15.644   15.860   15.860   16.525   16.525   16.775   16.775
            0.000000  0.577350  0.000000
  -11.718  -11.718  -10.052  -10.052   -5.495   -5.495   -3.865   -3.865   -2.209   -2.209
   -1.766   -1.766    2.726    2.726    3.591    3.591    3.790    3.790    4.467    4.467
    4.746    4.746    5.082    5.082    5.128    5.128    5.431    5.431    6.184    6.184
    6.195    6.195    6.251    6.251    6.567    6.567    7.307    7.307    7.558    7.558
    7.924    7.924    7.969    7.969    8.439    8.439    8.699    8.699    9.314    9.314
    9.343    9.343   10.116   10.116   10.191   10.191   11.326   11.326   11.493   11.493
   11.543   11.543   11.610   11.610   11.703   11.703   11.816   11.816   12.010   12.010
   12.063   12.063   12.899   12.899   12.967   12.967   12.967   12.967   13.036   13.036
   14.481   14.481   14.879   14.879   14.971   14.971   15.120   15.120   15.146   15.146
   15.329   15.329   15.644   15.644   15.853   15.853   16.580   16.580   16.719   16.719
