 &plot nbnd= 100, nks=    61 /
            0.000000  0.000000  0.000000
  -27.155  -27.155  -27.143  -27.143  -27.116  -27.116  -27.072  -27.072  -26.629  -26.629
  -26.554  -26.554  -26.508  -26.508  -26.498  -26.498  -26.475  -26.475  -26.414  -26.414
  -13.457  -13.457   -5.777   -5.777   -2.836   -2.836   -2.640   -2.640   -1.856   -1.856
    0.042    0.042    1.523    1.523    1.648    1.648    1.980    1.980    2.097    2.097
    2.937    2.937    3.370    3.370    4.400    4.400    5.702    5.702    5.851    5.851
    6.639    6.639    7.745    7.745    7.767    7.767    8.795    8.795    9.278    9.278
    9.811    9.811    9.814    9.814   10.350   10.350   12.501   12.501   12.515   12.515
   12.612   12.612   12.937   12.937   13.085   13.085   13.208   13.208   13.219   13.219
   13.767   13.767   14.044   14.044   14.118   14.118   14.122   14.122   14.282   14.282
   14.324   14.324   14.325   14.325   14.350   14.350   14.351   14.352   14.398   14.398
            0.011111  0.019245  0.000000
  -27.154  -27.154  -27.142  -27.142  -27.116  -27.116  -27.072  -27.072  -26.628  -26.628
  -26.554  -26.554  -26.507  -26.507  -26.498  -26.498  -26.473  -26.473  -26.413  -26.413
  -13.453  -13.453   -5.780   -5.780   -2.889   -2.889   -2.687   -2.687   -1.762   -1.762
    0.044    0.044    1.527    1.527    1.652    1.652    1.984    1.984    2.102    2.102
    2.938    2.938    3.375    3.375    4.400    4.400    5.706    5.706    5.871    5.871
    6.620    6.620    7.736    7.736    7.778    7.778    8.789    8.789    9.288    9.288
    9.732    9.732    9.839    9.839   10.458   10.458   12.257   12.257   12.440   12.440
   12.780   12.780   12.927   12.927   13.104   13.104   13.145   13.145   13.294   13.294
   13.735   13.735   13.876   13.876   13.896   13.896   13.968   13.968   14.061   14.061
   14.228   14.228   14.252   14.252   14.393   14.393   14.407   14.407   14.561   14.561
            0.022222  0.038490  0.000000
  -27.154  -27.154  -27.142  -27.142  -27.115  -27.115  -27.072  -27.072  -26.628  -26.628
  -26.554  -26.554  -26.506  -26.506  -26.499  -26.499  -26.471  -26.471  -26.413  -26.413
  -13.441  -13.441   -5.788   -5.788   -3.058   -3.058   -2.750   -2.750   -1.553   -1.553
    0.050    0.050    1.524    1.524    1.677    1.677    1.998    1.998    2.114    2.114
    2.944    2.944    3.388    3.388    4.398    4.398    5.718    5.718    5.929    5.929
    6.569    6.569    7.685    7.685    7.827    7.827    8.773    8.773    9.314    9.314
    9.592    9.592    9.920    9.920   10.671   10.671   11.961   11.961   12.246   12.246
   12.870   12.870   12.900   12.900   13.044   13.044   13.123   13.123   13.408   13.408
   13.462   13.462   13.527   13.527   13.639   13.639   13.709   13.709   14.182   14.182
   14.244   14.244   14.254   14.254   14.405   14.406   14.454   14.454   14.736   14.737
            0.033333  0.057735  0.000000
  -27.154  -27.154  -27.142  -27.142  -27.114  -27.114  -27.072  -27.072  -26.627  -26.627
  -26.554  -26.554  -26.505  -26.505  -26.501  -26.501  -26.469  -26.469  -26.413  -26.413
  -13.421  -13.421   -5.805   -5.805   -3.285   -3.285   -2.806   -2.806   -1.305   -1.305
    0.059    0.059    1.502    1.502    1.744    1.744    2.020    2.020    2.135    2.135
    2.952    2.952    3.409    3.409    4.393    4.393    5.737    5.737    6.023    6.023
    6.504    6.504    7.595    7.595    7.900    7.900    8.749    8.749    9.353    9.353
    9.475    9.475   10.054   10.054   10.855   10.855   11.735   11.735   11.970   11.970
   12.785   12.785   12.907   12.907   12.947   12.947   13.052   13.052   13.164   13.164
   13.179   13.179   13.284   13.284   13.339   13.339   13.944   13.944   14.216   14.216
   14.233   14.233   14.340   14.341   14.347   14.347   14.397   14.397   14.459   14.459
            0.044444  0.076980  0.000000
  -27.154  -27.154  -27.142  -27.142  -27.114  -27.114  -27.072  -27.072  -26.626  -26.626
  -26.554  -26.554  -26.505  -26.505  -26.504  -26.504  -26.466  -26.466  -26.413  -26.413
  -13.394  -13.394   -5.833   -5.833   -3.521   -3.521   -2.872   -2.872   -1.050   -1.050
    0.071    0.071    1.464    1.464    1.851    1.851    2.051    2.051    2.164    2.164
    2.961    2.961    3.440    3.440    4.382    4.382    5.764    5.764    6.140    6.140
    6.452    6.452    7.465    7.465    7.985    7.985    8.724    8.724    9.396    9.396
    9.401    9.401   10.240   10.240   10.858   10.858   11.661   11.661   11.714   11.714
   12.501   12.501   12.737   12.737   12.777   12.777   12.797   12.797   12.984   12.984
   13.029   13.029   13.210   13.210   13.272   13.272   13.964   13.964   13.990   13.990
   14.098   14.098   14.263   14.263   14.280   14.280   14.351   14.351   14.458   14.458
            0.055556  0.096225  0.000000
  -27.154  -27.154  -27.142  -27.142  -27.114  -27.114  -27.073  -27.073  -26.625  -26.625
  -26.555  -26.555  -26.508  -26.508  -26.504  -26.504  -26.464  -26.464  -26.413  -26.413
  -13.358  -13.358   -5.877   -5.877   -3.743   -3.743   -2.951   -2.951   -0.803   -0.803
    0.084    0.084    1.420    1.420    1.995    1.995    2.094    2.094    2.200    2.200
    2.971    2.971    3.479    3.479    4.365    4.365    5.797    5.797    6.233    6.233
    6.466    6.466    7.303    7.303    8.080    8.080    8.705    8.705    9.358    9.358
    9.451    9.451   10.467   10.467   10.664   10.664   11.345   11.345   11.899   11.899
   12.169   12.169   12.392   12.392   12.457   12.457   12.464   12.464   13.008   13.008
   13.025   13.025   13.161   13.161   13.327   13.327   13.642   13.642   13.645   13.645
   13.838   13.838   14.013   14.013   14.362   14.362   14.369   14.369   14.522   14.525
            0.066667  0.115470  0.000000
  -27.154  -27.154  -27.142  -27.142  -27.114  -27.114  -27.074  -27.074  -26.624  -26.624
  -26.555  -26.555  -26.512  -26.512  -26.503  -26.503  -26.461  -26.461  -26.413  -26.413
  -13.314  -13.314   -5.943   -5.943   -3.940   -3.940   -3.045   -3.045   -0.570   -0.570
    0.099    0.099    1.376    1.376    2.127    2.127    2.191    2.191    2.244    2.244
    2.979    2.979    3.526    3.526    4.345    4.345    5.836    5.836    6.245    6.245
    6.604    6.604    7.121    7.121    8.185    8.185    8.694    8.694    9.341    9.341
    9.510    9.510   10.406   10.406   10.706   10.706   11.055   11.055   11.834   11.834
   11.987   11.987   12.096   12.096   12.116   12.116   12.239   12.239   13.028   13.028
   13.041   13.041   13.067   13.067   13.283   13.283   13.381   13.381   13.424   13.424
   13.562   13.562   13.755   13.755   14.411   14.411   14.413   14.413   14.524   14.524
            0.077778  0.134715  0.000000
  -27.155  -27.155  -27.143  -27.143  -27.115  -27.115  -27.075  -27.075  -26.623  -26.623
  -26.557  -26.557  -26.516  -26.516  -26.503  -26.503  -26.459  -26.459  -26.414  -26.414
  -13.262  -13.262   -6.037   -6.037   -4.102   -4.102   -3.154   -3.154   -0.354   -0.354
    0.111    0.111    1.338    1.338    2.191    2.191    2.291    2.291    2.402    2.402
    2.987    2.987    3.582    3.582    4.324    4.324    5.878    5.878    6.235    6.235
    6.802    6.802    6.933    6.933    8.304    8.304    8.689    8.689    9.336    9.336
    9.577    9.577   10.152   10.152   10.646   10.646   11.094   11.094   11.505   11.505
   11.676   11.676   11.774   11.774   11.779   11.779   12.423   12.423   12.829   12.829
   12.958   12.958   12.995   12.995   13.023   13.023   13.271   13.271   13.281   13.281
   13.593   13.593   13.603   13.603   14.462   14.462   14.466   14.467   14.581   14.626
            0.088889  0.153960  0.000000
  -27.154  -27.154  -27.142  -27.142  -27.114  -27.114  -27.075  -27.075  -26.621  -26.621
  -26.557  -26.557  -26.518  -26.518  -26.502  -26.502  -26.456  -26.456  -26.413  -26.413
  -13.203  -13.203   -6.162   -6.162   -4.222   -4.222   -3.274   -3.274   -0.156   -0.156
    0.122    0.122    1.309    1.309    2.258    2.258    2.346    2.346    2.644    2.644
    2.995    2.995    3.646    3.646    4.310    4.310    5.918    5.918    6.235    6.235
    6.755    6.755    7.019    7.019    8.439    8.439    8.677    8.677    9.326    9.326
    9.652    9.652    9.936    9.936   10.356   10.356   11.168   11.168   11.345   11.345
   11.381   11.381   11.451   11.451   11.479   11.479   12.439   12.439   12.529   12.529
   12.752   12.752   12.790   12.790   12.895   12.895   13.247   13.247   13.306   13.306
   13.543   13.543   13.792   13.792   14.514   14.514   14.518   14.518   14.643   14.644
            0.100000  0.173205  0.000000
  -27.155  -27.155  -27.143  -27.143  -27.113  -27.113  -27.076  -27.076  -26.619  -26.619
  -26.557  -26.557  -26.522  -26.522  -26.501  -26.501  -26.454  -26.454  -26.413  -26.413
  -13.136  -13.136   -6.319   -6.319   -4.301   -4.301   -3.406   -3.406    0.014    0.014
    0.135    0.135    1.293    1.293    2.332    2.332    2.405    2.405    2.902    2.902
    3.005    3.005    3.718    3.718    4.307    4.307    5.945    5.945    6.253    6.253
    6.610    6.610    7.235    7.235    8.595    8.595    8.639    8.639    9.297    9.297
    9.735    9.735    9.792    9.792   10.061   10.061   10.863   10.863   11.020   11.020
   11.116   11.116   11.138   11.138   11.745   11.745   12.196   12.196   12.219   12.219
   12.486   12.486   12.499   12.499   13.005   13.005   13.305   13.305   13.378   13.378
   13.551   13.551   14.037   14.037   14.470   14.470   14.496   14.497   14.633   14.633
            0.111111  0.192450  0.000000
  -27.154  -27.154  -27.143  -27.143  -27.112  -27.112  -27.076  -27.076  -26.617  -26.617
  -26.557  -26.557  -26.525  -26.525  -26.500  -26.500  -26.451  -26.451  -26.412  -26.412
  -13.062  -13.062   -6.503   -6.503   -4.339   -4.339   -3.547   -3.547    0.080    0.080
    0.229    0.229    1.292    1.292    2.414    2.414    2.467    2.467    3.012    3.012
    3.175    3.175    3.798    3.798    4.319    4.319    5.949    5.949    6.287    6.287
    6.522    6.522    7.439    7.439    8.546    8.546    8.773    8.773    9.263    9.263
    9.731    9.731    9.757    9.757    9.846    9.846   10.569   10.569   10.704   10.704
   10.803   10.803   10.840   10.840   11.901   11.901   11.913   11.913   12.057   12.057
   12.202   12.202   12.233   12.233   13.136   13.136   13.380   13.380   13.470   13.470
   13.577   13.577   14.181   14.181   14.260   14.260   14.323   14.323   14.535   14.536
            0.122222  0.211695  0.000000
  -27.154  -27.154  -27.143  -27.143  -27.111  -27.111  -27.076  -27.076  -26.615  -26.615
  -26.557  -26.557  -26.528  -26.528  -26.498  -26.498  -26.448  -26.448  -26.411  -26.411
  -12.980  -12.980   -6.708   -6.708   -4.345   -4.345   -3.696   -3.696    0.063    0.063
    0.383    0.383    1.309    1.309    2.505    2.505    2.529    2.529    3.036    3.036
    3.426    3.426    3.890    3.890    4.348    4.348    5.928    5.928    6.337    6.337
    6.507    6.507    7.618    7.618    8.389    8.389    8.963    8.963    9.257    9.257
    9.500    9.500    9.720    9.720    9.935    9.935   10.303   10.303   10.397   10.397
   10.498   10.498   10.565   10.565   11.603   11.603   11.618   11.618   11.893   11.893
   11.913   11.913   12.450   12.450   13.242   13.242   13.458   13.458   13.544   13.544
   13.611   13.611   13.919   13.919   14.009   14.009   14.274   14.274   14.409   14.409
            0.133333  0.230940  0.000000
  -27.153  -27.153  -27.142  -27.142  -27.110  -27.110  -27.076  -27.076  -26.612  -26.612
  -26.557  -26.557  -26.530  -26.530  -26.497  -26.497  -26.446  -26.446  -26.410  -26.410
  -12.890  -12.890   -6.927   -6.927   -4.323   -4.323   -3.850   -3.850    0.020    0.020
    0.538    0.538    1.345    1.345    2.590    2.590    2.604    2.604    3.076    3.076
    3.633    3.633    3.997    3.997    4.396    4.396    5.916    5.916    6.401    6.401
    6.553    6.553    7.766    7.766    8.187    8.187    9.089    9.089    9.284    9.284
    9.311    9.311    9.710    9.710    9.956    9.956   10.100   10.100   10.167   10.167
   10.203   10.203   10.332   10.332   11.310   11.310   11.335   11.335   11.615   11.615
   11.635   11.635   12.768   12.768   13.288   13.288   13.490   13.490   13.515   13.515
   13.615   13.615   13.716   13.716   13.897   13.897   14.042   14.042   14.256   14.256
            0.144444  0.250185  0.000000
  -27.153  -27.153  -27.142  -27.142  -27.111  -27.111  -27.077  -27.077  -26.610  -26.610
  -26.559  -26.559  -26.534  -26.534  -26.496  -26.496  -26.445  -26.445  -26.410  -26.410
  -12.794  -12.794   -7.155   -7.155   -4.281   -4.281   -4.007   -4.007   -0.043   -0.043
    0.692    0.692    1.399    1.399    2.650    2.650    2.708    2.708    3.135    3.135
    3.766    3.766    4.128    4.128    4.461    4.461    5.955    5.955    6.477    6.477
    6.637    6.637    7.871    7.871    7.966    7.966    8.950    8.950    9.316    9.316
    9.342    9.342    9.645    9.645    9.820    9.820    9.849    9.849    9.917    9.917
   10.183   10.183   10.279   10.279   11.025   11.025   11.076   11.076   11.341   11.341
   11.373   11.373   13.032   13.032   13.166   13.166   13.320   13.320   13.484   13.484
   13.499   13.499   13.679   13.679   13.893   13.893   13.990   13.990   14.202   14.202
            0.155556  0.269430  0.000000
  -27.153  -27.153  -27.142  -27.142  -27.110  -27.110  -27.077  -27.077  -26.607  -26.607
  -26.559  -26.559  -26.536  -26.536  -26.495  -26.495  -26.443  -26.443  -26.409  -26.409
  -12.690  -12.690   -7.388   -7.388   -4.235   -4.235   -4.153   -4.153   -0.125   -0.125
    0.844    0.844    1.473    1.473    2.712    2.712    2.819    2.819    3.214    3.214
    3.817    3.817    4.270    4.270    4.542    4.542    6.069    6.069    6.562    6.562
    6.749    6.749    7.741    7.741    7.924    7.924    8.765    8.765    9.242    9.242
    9.343    9.343    9.480    9.480    9.612    9.612    9.644    9.644    9.882    9.882
   10.137   10.137   10.419   10.419   10.750   10.750   10.883   10.883   11.077   11.077
   11.135   11.135   12.932   12.932   13.001   13.001   13.225   13.225   13.345   13.345
   13.428   13.428   13.744   13.744   13.915   13.915   14.046   14.046   14.228   14.228
            0.166667  0.288675  0.000000
  -27.154  -27.154  -27.142  -27.142  -27.111  -27.111  -27.078  -27.078  -26.606  -26.606
  -26.561  -26.561  -26.538  -26.538  -26.495  -26.495  -26.443  -26.443  -26.408  -26.408
  -12.580  -12.580   -7.621   -7.621   -4.342   -4.342   -4.131   -4.131   -0.224   -0.224
    0.998    0.998    1.563    1.563    2.777    2.777    2.932    2.932    3.313    3.313
    3.806    3.806    4.411    4.411    4.638    4.638    6.244    6.244    6.653    6.653
    6.878    6.878    7.538    7.538    7.899    7.899    8.618    8.618    9.066    9.066
    9.208    9.208    9.232    9.232    9.391    9.391    9.600    9.600    9.982    9.982
   10.140   10.140   10.410   10.410   10.487   10.487   10.806   10.806   10.933   10.933
   10.939   10.939   12.678   12.678   12.773   12.773   13.024   13.024   13.121   13.121
   13.611   13.611   13.832   13.832   13.863   13.863   14.016   14.016   14.301   14.301
            0.177778  0.307920  0.000000
  -27.154  -27.154  -27.142  -27.142  -27.111  -27.111  -27.078  -27.078  -26.604  -26.604
  -26.561  -26.561  -26.541  -26.541  -26.494  -26.494  -26.443  -26.443  -26.407  -26.407
  -12.463  -12.463   -7.854   -7.854   -4.500   -4.500   -4.045   -4.045   -0.337   -0.337
    1.153    1.153    1.669    1.669    2.850    2.850    3.042    3.042    3.429    3.429
    3.757    3.757    4.553    4.553    4.748    4.748    6.435    6.435    6.746    6.746
    7.003    7.003    7.403    7.403    7.801    7.801    8.496    8.496    8.885    8.885
    8.973    8.973    9.006    9.006    9.172    9.172    9.664    9.664    9.989    9.989
   10.128   10.128   10.246   10.246   10.339   10.339   10.571   10.571   10.802   10.802
   11.149   11.149   12.425   12.425   12.545   12.545   12.798   12.798   12.888   12.888
   13.469   13.469   13.813   13.813   13.977   13.977   14.138   14.138   14.400   14.400
            0.188889  0.327165  0.000000
  -27.154  -27.154  -27.141  -27.141  -27.112  -27.112  -27.078  -27.078  -26.602  -26.602
  -26.562  -26.562  -26.542  -26.542  -26.493  -26.493  -26.443  -26.443  -26.405  -26.405
  -12.340  -12.340   -8.083   -8.083   -4.658   -4.658   -3.946   -3.946   -0.461   -0.461
    1.311    1.311    1.790    1.790    2.934    2.934    3.132    3.132    3.560    3.560
    3.703    3.703    4.700    4.700    4.870    4.870    6.553    6.553    6.830    6.830
    7.065    7.065    7.450    7.450    7.665    7.665    8.351    8.351    8.705    8.705
    8.722    8.722    8.802    8.802    9.022    9.022    9.694    9.694    9.832    9.832
   10.010   10.010   10.119   10.119   10.337   10.337   10.396   10.396   10.764   10.764
   11.366   11.366   12.177   12.177   12.337   12.337   12.576   12.576   12.661   12.661
   13.128   13.128   14.001   14.001   14.109   14.109   14.269   14.269   14.509   14.509
            0.200000  0.346410  0.000000
  -27.154  -27.154  -27.140  -27.140  -27.112  -27.112  -27.078  -27.078  -26.600  -26.600
  -26.562  -26.562  -26.544  -26.544  -26.492  -26.492  -26.444  -26.444  -26.403  -26.403
  -12.211  -12.211   -8.308   -8.308   -4.812   -4.812   -3.837   -3.837   -0.595   -0.595
    1.473    1.473    1.925    1.925    3.029    3.029    3.171    3.171    3.692    3.692
    3.704    3.704    4.855    4.855    5.003    5.003    6.509    6.509    6.882    6.882
    7.154    7.154    7.535    7.535    7.639    7.639    8.178    8.178    8.477    8.477
    8.503    8.503    8.634    8.634    8.944    8.944    9.593    9.593    9.619    9.619
    9.849    9.849   10.128   10.128   10.141   10.141   10.467   10.467   10.805   10.805
   11.468   11.468   11.939   11.939   12.143   12.143   12.360   12.360   12.447   12.447
   12.966   12.966   14.183   14.183   14.245   14.245   14.403   14.403   14.614   14.614
            0.211111  0.365655  0.000000
  -27.154  -27.154  -27.139  -27.139  -27.113  -27.113  -27.078  -27.078  -26.599  -26.599
  -26.562  -26.562  -26.544  -26.544  -26.491  -26.491  -26.445  -26.445  -26.400  -26.400
  -12.077  -12.077   -8.527   -8.527   -4.962   -4.962   -3.720   -3.720   -0.736   -0.736
    1.638    1.638    2.072    2.072    3.126    3.126    3.143    3.143    3.757    3.757
    3.860    3.860    5.017    5.017    5.145    5.145    6.358    6.358    6.867    6.867
    7.304    7.304    7.460    7.460    7.789    7.789    8.002    8.002    8.242    8.242
    8.289    8.289    8.563    8.563    8.881    8.881    9.386    9.386    9.409    9.409
    9.709    9.709    9.929    9.929   10.247   10.247   10.509   10.509   10.888   10.888
   11.442   11.442   11.712   11.712   11.937   11.937   12.140   12.140   12.249   12.249
   13.081   13.081   14.351   14.351   14.371   14.371   14.518   14.518   14.693   14.693
            0.222222  0.384900  0.000000
  -27.153  -27.153  -27.137  -27.137  -27.113  -27.113  -27.077  -27.077  -26.597  -26.597
  -26.561  -26.561  -26.544  -26.544  -26.490  -26.490  -26.446  -26.446  -26.397  -26.397
  -11.938  -11.938   -8.741   -8.741   -5.106   -5.106   -3.597   -3.597   -0.880   -0.880
    1.806    1.806    2.230    2.230    3.045    3.045    3.254    3.254    3.881    3.881
    4.026    4.026    5.186    5.186    5.296    5.296    6.175    6.175    6.771    6.771
    7.427    7.427    7.470    7.470    7.783    7.783    7.860    7.860    8.018    8.018
    8.083    8.083    8.634    8.634    8.787    8.787    9.158    9.158    9.198    9.198
    9.612    9.612    9.730    9.730   10.394   10.394   10.499   10.499   10.988   10.988
   11.390   11.390   11.500   11.500   11.750   11.750   11.926   11.926   12.078   12.078
   13.369   13.369   14.405   14.405   14.453   14.453   14.585   14.585   14.729   14.729
            0.233333  0.404145  0.000000
  -27.153  -27.153  -27.136  -27.136  -27.114  -27.114  -27.077  -27.077  -26.596  -26.596
  -26.561  -26.561  -26.545  -26.545  -26.488  -26.488  -26.448  -26.448  -26.395  -26.395
  -11.795  -11.795   -8.948   -8.948   -5.243   -5.243   -3.468   -3.468   -1.028   -1.028
    1.975    1.975    2.399    2.399    2.941    2.941    3.383    3.383    4.037    4.037
    4.203    4.203    5.362    5.362    5.452    5.452    5.988    5.988    6.628    6.628
    7.354    7.354    7.591    7.591    7.699    7.699    7.760    7.760    7.815    7.815
    7.938    7.938    8.624    8.624    8.729    8.729    8.934    8.934    8.991    8.991
    9.514    9.514    9.625    9.625   10.456   10.456   10.562   10.562   11.082   11.082
   11.316   11.316   11.322   11.322   11.663   11.663   11.729   11.729   11.948   11.948
   13.712   13.712   14.261   14.262   14.407   14.407   14.639   14.639   14.674   14.674
            0.244444  0.423390  0.000000
  -27.154  -27.154  -27.136  -27.136  -27.115  -27.115  -27.077  -27.077  -26.596  -26.596
  -26.560  -26.560  -26.545  -26.545  -26.488  -26.488  -26.451  -26.451  -26.395  -26.395
  -11.648  -11.648   -9.148   -9.148   -5.371   -5.371   -3.335   -3.335   -1.175   -1.175
    2.139    2.139    2.577    2.577    2.843    2.843    3.521    3.521    4.212    4.212
    4.389    4.389    5.534    5.534    5.606    5.606    5.815    5.815    6.474    6.474
    7.216    7.216    7.467    7.467    7.578    7.578    7.596    7.596    7.870    7.870
    7.955    7.955    8.395    8.395    8.697    8.697    8.732    8.732    8.794    8.794
    9.286    9.286    9.774    9.774   10.432   10.432   10.690   10.690   11.132   11.132
   11.193   11.193   11.225   11.225   11.554   11.554   11.720   11.720   11.884   11.884
   13.981   13.981   14.068   14.068   14.366   14.366   14.533   14.533   14.588   14.588
            0.255556  0.442635  0.000000
  -27.155  -27.155  -27.135  -27.135  -27.117  -27.117  -27.077  -27.077  -26.596  -26.596
  -26.560  -26.560  -26.546  -26.546  -26.488  -26.488  -26.454  -26.454  -26.394  -26.394
  -11.498  -11.498   -9.341   -9.341   -5.489   -5.489   -3.198   -3.198   -1.323   -1.323
    2.283    2.283    2.744    2.744    2.796    2.796    3.667    3.667    4.401    4.401
    4.584    4.584    5.566    5.566    5.740    5.740    5.796    5.796    6.339    6.339
    7.053    7.053    7.294    7.294    7.382    7.382    7.398    7.398    7.988    7.988
    8.047    8.047    8.137    8.137    8.565    8.565    8.575    8.575    8.625    8.625
    9.070    9.070    9.975    9.975   10.417   10.417   10.675   10.675   11.050   11.050
   11.150   11.150   11.319   11.319   11.417   11.417   11.854   11.854   11.907   11.907
   13.868   13.868   13.953   13.953   14.372   14.372   14.460   14.460   14.598   14.598
            0.266667  0.461880  0.000000
  -27.155  -27.155  -27.134  -27.134  -27.118  -27.118  -27.077  -27.077  -26.596  -26.596
  -26.559  -26.559  -26.546  -26.546  -26.487  -26.487  -26.456  -26.456  -26.392  -26.392
  -11.346  -11.346   -9.526   -9.526   -5.596   -5.596   -3.059   -3.059   -1.468   -1.468
    2.362    2.362    2.775    2.775    2.970    2.970    3.819    3.819    4.599    4.599
    4.788    4.788    5.415    5.415    5.799    5.799    5.976    5.976    6.276    6.276
    6.889    6.889    7.121    7.121    7.190    7.190    7.195    7.195    7.714    7.714
    8.113    8.113    8.187    8.187    8.429    8.429    8.465    8.465    8.502    8.502
    8.892    8.892   10.137   10.137   10.382   10.382   10.545   10.545   10.915   10.915
   11.169   11.169   11.339   11.339   11.561   11.561   12.009   12.009   12.024   12.024
   13.676   13.676   13.805   13.805   14.207   14.207   14.317   14.317   14.924   14.924
            0.277778  0.481125  0.000000
  -27.156  -27.156  -27.134  -27.134  -27.120  -27.120  -27.077  -27.077  -26.597  -26.597
  -26.560  -26.560  -26.547  -26.547  -26.487  -26.487  -26.460  -26.460  -26.392  -26.392
  -11.194  -11.194   -9.704   -9.704   -5.691   -5.691   -2.920   -2.920   -1.611   -1.611
    2.350    2.350    2.891    2.891    3.174    3.174    3.973    3.973    4.802    4.802
    4.998    4.998    5.258    5.258    5.727    5.727    6.178    6.178    6.328    6.328
    6.744    6.744    6.954    6.954    6.972    6.972    7.011    7.011    7.384    7.384
    8.042    8.042    8.142    8.142    8.290    8.290    8.429    8.429    8.564    8.564
    8.808    8.808   10.210   10.210   10.307   10.307   10.391   10.391   10.782   10.782
   11.217   11.217   11.346   11.346   11.854   11.854   12.168   12.168   12.216   12.216
   13.498   13.498   13.644   13.644   14.045   14.045   14.178   14.178   15.239   15.239
            0.288889  0.500370  0.000000
  -27.156  -27.156  -27.134  -27.134  -27.121  -27.121  -27.077  -27.077  -26.597  -26.597
  -26.559  -26.559  -26.548  -26.548  -26.486  -26.486  -26.463  -26.463  -26.391  -26.391
  -11.042  -11.042   -9.873   -9.873   -5.772   -5.772   -2.781   -2.781   -1.751   -1.751
    2.300    2.300    3.063    3.063    3.384    3.384    4.126    4.126    4.967    4.967
    5.153    5.153    5.206    5.206    5.577    5.577    6.374    6.374    6.382    6.382
    6.661    6.661    6.730    6.730    6.811    6.811    6.838    6.838    7.118    7.118
    7.913    7.913    7.997    7.997    8.139    8.139    8.342    8.342    8.753    8.753
    8.876    8.876   10.172   10.172   10.199   10.199   10.260   10.260   10.646   10.646
   11.313   11.313   11.426   11.426   12.120   12.120   12.364   12.364   12.423   12.423
   13.356   13.356   13.485   13.485   13.890   13.890   14.052   14.052   15.121   15.121
            0.300000  0.519615  0.000000
  -27.157  -27.157  -27.133  -27.133  -27.122  -27.122  -27.077  -27.077  -26.597  -26.597
  -26.558  -26.558  -26.548  -26.548  -26.485  -26.485  -26.465  -26.465  -26.390  -26.390
  -10.891  -10.891  -10.034  -10.034   -5.837   -5.837   -2.644   -2.644   -1.886   -1.886
    2.246    2.246    3.257    3.257    3.595    3.595    4.269    4.269    4.907    4.907
    5.281    5.281    5.297    5.297    5.511    5.511    6.302    6.302    6.448    6.448
    6.498    6.498    6.673    6.673    6.709    6.709    6.764    6.764    6.985    6.985
    7.773    7.773    7.844    7.844    7.990    7.990    8.214    8.214    8.968    8.968
    9.028    9.028   10.042   10.042   10.080   10.080   10.167   10.167   10.513   10.513
   11.442   11.442   11.555   11.555   12.305   12.305   12.545   12.545   12.642   12.642
   13.301   13.301   13.334   13.334   13.744   13.744   13.949   13.949   14.735   14.735
            0.311111  0.538860  0.000000
  -27.158  -27.158  -27.133  -27.133  -27.124  -27.124  -27.077  -27.077  -26.598  -26.598
  -26.559  -26.559  -26.548  -26.548  -26.485  -26.485  -26.468  -26.468  -26.390  -26.390
  -10.745  -10.745  -10.187  -10.187   -5.886   -5.886   -2.510   -2.510   -2.016   -2.016
    2.202    2.202    3.459    3.459    3.794    3.794    4.393    4.393    4.779    4.779
    5.076    5.076    5.513    5.513    5.700    5.700    6.185    6.185    6.233    6.233
    6.424    6.424    6.518    6.518    6.630    6.630    6.922    6.922    7.068    7.068
    7.638    7.638    7.700    7.700    7.846    7.846    8.086    8.086    9.186    9.186
    9.204    9.204    9.903    9.903    9.965    9.965   10.066   10.066   10.391   10.391
   11.579   11.579   11.711   11.711   12.347   12.347   12.675   12.675   12.870   12.870
   13.193   13.193   13.367   13.367   13.609   13.609   13.875   13.875   14.369   14.369
            0.322222  0.558105  0.000000
  -27.157  -27.157  -27.132  -27.132  -27.124  -27.124  -27.077  -27.077  -26.598  -26.598
  -26.558  -26.558  -26.548  -26.548  -26.483  -26.483  -26.469  -26.469  -26.389  -26.389
  -10.603  -10.603  -10.331  -10.331   -5.916   -5.916   -2.383   -2.383   -2.141   -2.141
    2.173    2.173    3.660    3.660    3.935    3.935    4.486    4.486    4.660    4.660
    4.848    4.848    5.738    5.738    5.885    5.885    6.064    6.064    6.130    6.130
    6.314    6.314    6.371    6.371    6.513    6.513    7.130    7.130    7.219    7.219
    7.527    7.527    7.576    7.576    7.714    7.714    7.978    7.978    9.363    9.363
    9.384    9.384    9.797    9.797    9.868    9.868    9.956    9.956   10.293   10.293
   11.703   11.703   11.879   11.879   12.224   12.224   12.814   12.814   13.040   13.040
   13.130   13.130   13.431   13.431   13.491   13.491   13.838   13.838   14.092   14.092
            0.333333  0.577350  0.000000
  -27.157  -27.157  -27.132  -27.132  -27.124  -27.124  -27.076  -27.076  -26.598  -26.598
  -26.557  -26.557  -26.549  -26.549  -26.483  -26.483  -26.469  -26.469  -26.389  -26.389
  -10.478  -10.478  -10.456  -10.456   -5.927   -5.927   -2.273   -2.273   -2.249   -2.249
    2.163    2.163    3.807    3.807    3.932    3.932    4.554    4.554    4.573    4.573
    4.750    4.750    5.918    5.918    5.920    5.920    5.950    5.950    6.231    6.231
    6.231    6.231    6.256    6.256    6.443    6.443    7.268    7.268    7.268    7.268
    7.509    7.509    7.509    7.509    7.628    7.628    7.927    7.927    9.452    9.452
    9.453    9.453    9.815    9.815    9.816    9.816    9.860    9.860   10.248   10.248
   11.771   11.771   12.036   12.036   12.050   12.050   12.936   12.936   12.940   12.940
   13.344   13.344   13.355   13.355   13.405   13.405   13.821   13.821   13.999   13.999
            0.322222  0.577350  0.000000
  -27.157  -27.157  -27.132  -27.132  -27.124  -27.124  -27.076  -27.076  -26.598  -26.598
  -26.558  -26.558  -26.548  -26.548  -26.483  -26.483  -26.468  -26.468  -26.389  -26.389
  -10.532  -10.532  -10.401  -10.401   -5.924   -5.924   -2.320   -2.320   -2.202   -2.202
    2.166    2.166    3.734    3.734    3.973    3.973    4.530    4.530    4.597    4.597
    4.777    4.777    5.857    5.857    5.948    5.948    5.956    5.956    6.167    6.167
    6.271    6.271    6.288    6.288    6.478    6.478    7.235    7.235    7.264    7.264
    7.477    7.477    7.528    7.528    7.669    7.669    7.945    7.945    9.420    9.420
    9.454    9.454    9.780    9.780    9.804    9.804    9.926    9.926   10.263   10.263
   11.737   11.737   11.988   11.988   12.118   12.118   12.887   12.887   12.985   12.985
   13.256   13.256   13.349   13.349   13.492   13.492   13.828   13.828   14.013   14.013
            0.311111  0.577350  0.000000
  -27.158  -27.158  -27.133  -27.133  -27.125  -27.125  -27.077  -27.077  -26.598  -26.598
  -26.558  -26.558  -26.549  -26.549  -26.484  -26.484  -26.469  -26.469  -26.390  -26.390
  -10.595  -10.595  -10.339  -10.339   -5.916   -5.916   -2.376   -2.376   -2.148   -2.148
    2.174    2.174    3.585    3.585    4.033    4.033    4.519    4.519    4.609    4.609
    4.850    4.850    5.794    5.794    5.936    5.936    5.953    5.953    6.104    6.104
    6.280    6.280    6.370    6.370    6.571    6.571    7.188    7.188    7.229    7.229
    7.428    7.428    7.531    7.531    7.765    7.765    8.002    8.002    9.370    9.370
    9.434    9.434    9.725    9.725    9.791    9.791   10.033   10.033   10.310   10.310
   11.640   11.640   11.978   11.978   12.184   12.184   12.841   12.841   13.018   13.018
   13.149   13.149   13.323   13.323   13.614   13.614   13.848   13.848   14.050   14.050
            0.300000  0.577350  0.000000
  -27.157  -27.157  -27.133  -27.133  -27.124  -27.124  -27.077  -27.077  -26.598  -26.598
  -26.558  -26.558  -26.549  -26.549  -26.484  -26.484  -26.468  -26.468  -26.390  -26.390
  -10.655  -10.655  -10.279  -10.279   -5.902   -5.902   -2.430   -2.430   -2.096   -2.096
    2.187    2.187    3.408    3.408    4.074    4.074    4.534    4.534    4.606    4.606
    4.953    4.953    5.734    5.734    5.898    5.898    5.945    5.945    6.043    6.043
    6.292    6.292    6.476    6.476    6.687    6.687    7.138    7.138    7.187    7.187
    7.374    7.374    7.518    7.518    7.883    7.883    8.088    8.088    9.312    9.312
    9.401    9.401    9.670    9.670    9.769    9.769   10.150   10.150   10.384   10.384
   11.510   11.510   11.985   11.985   12.237   12.237   12.801   12.801   13.030   13.030
   13.045   13.045   13.310   13.310   13.738   13.738   13.880   13.880   14.105   14.105
            0.288889  0.577350  0.000000
  -27.157  -27.157  -27.133  -27.133  -27.124  -27.124  -27.077  -27.077  -26.598  -26.598
  -26.558  -26.558  -26.548  -26.548  -26.485  -26.485  -26.467  -26.467  -26.390  -26.390
  -10.713  -10.713  -10.222  -10.222   -5.883   -5.883   -2.483   -2.483   -2.046   -2.046
    2.206    2.206    3.216    3.216    4.087    4.087    4.569    4.569    4.607    4.607
    5.071    5.071    5.677    5.677    5.852    5.852    5.924    5.924    5.984    5.984
    6.322    6.322    6.589    6.589    6.810    6.810    7.090    7.090    7.146    7.146
    7.320    7.320    7.497    7.497    8.010    8.010    8.193    8.193    9.251    9.251
    9.361    9.361    9.616    9.616    9.741    9.741   10.272   10.272   10.479   10.479
   11.366   11.366   11.991   11.991   12.274   12.274   12.766   12.766   12.930   12.930
   13.041   13.041   13.311   13.311   13.859   13.859   13.921   13.921   14.177   14.177
            0.277778  0.577350  0.000000
  -27.157  -27.157  -27.133  -27.133  -27.123  -27.123  -27.077  -27.077  -26.598  -26.598
  -26.558  -26.558  -26.548  -26.548  -26.484  -26.484  -26.466  -26.466  -26.390  -26.390
  -10.769  -10.769  -10.167  -10.167   -5.857   -5.857   -2.535   -2.535   -1.999   -1.999
    2.230    2.230    3.017    3.017    4.077    4.077    4.563    4.563    4.669    4.669
    5.198    5.198    5.622    5.622    5.802    5.802    5.894    5.894    5.928    5.928
    6.371    6.371    6.696    6.696    6.924    6.924    7.055    7.055    7.116    7.116
    7.269    7.269    7.476    7.476    8.142    8.142    8.309    8.309    9.190    9.190
    9.319    9.319    9.563    9.563    9.708    9.708   10.395   10.395   10.589   10.589
   11.217   11.217   11.990   11.990   12.294   12.294   12.735   12.735   12.826   12.826
   13.033   13.033   13.329   13.329   13.969   13.969   13.977   13.977   14.263   14.263
            0.266667  0.577350  0.000000
  -27.156  -27.156  -27.133  -27.133  -27.122  -27.122  -27.077  -27.077  -26.597  -26.597
  -26.558  -26.558  -26.547  -26.547  -26.485  -26.485  -26.465  -26.465  -26.389  -26.389
  -10.823  -10.823  -10.116  -10.116   -5.826   -5.826   -2.585   -2.585   -1.955   -1.955
    2.260    2.260    2.815    2.815    4.055    4.055    4.540    4.540    4.759    4.759
    5.329    5.329    5.571    5.571    5.753    5.753    5.857    5.857    5.874    5.874
    6.432    6.432    6.780    6.780    6.959    6.959    7.098    7.098    7.109    7.109
    7.226    7.226    7.464    7.464    8.276    8.276    8.430    8.430    9.129    9.129
    9.277    9.277    9.510    9.510    9.675    9.675   10.516   10.516   10.707   10.707
   11.066   11.066   11.981   11.981   12.298   12.298   12.706   12.706   12.729   12.729
   13.013   13.013   13.363   13.363   14.033   14.033   14.077   14.077   14.361   14.361
            0.255556  0.577350  0.000000
  -27.156  -27.156  -27.133  -27.133  -27.121  -27.121  -27.077  -27.077  -26.597  -26.597
  -26.558  -26.558  -26.547  -26.547  -26.485  -26.485  -26.463  -26.463  -26.390  -26.390
  -10.875  -10.875  -10.067  -10.067   -5.789   -5.789   -2.634   -2.634   -1.913   -1.913
    2.295    2.295    2.610    2.610    4.026    4.026    4.513    4.513    4.859    4.859
    5.449    5.449    5.537    5.537    5.704    5.704    5.817    5.817    5.822    5.822
    6.498    6.498    6.818    6.818    6.925    6.925    7.118    7.118    7.198    7.198
    7.219    7.219    7.475    7.475    8.411    8.411    8.553    8.553    9.070    9.070
    9.237    9.237    9.460    9.460    9.643    9.643   10.626   10.626   10.832   10.832
   10.925   10.925   11.964   11.964   12.290   12.290   12.637   12.637   12.678   12.678
   12.986   12.986   13.407   13.407   14.106   14.106   14.153   14.153   14.468   14.468
            0.244444  0.577350  0.000000
  -27.156  -27.156  -27.133  -27.133  -27.121  -27.121  -27.077  -27.077  -26.597  -26.597
  -26.558  -26.558  -26.547  -26.547  -26.486  -26.486  -26.462  -26.462  -26.390  -26.390
  -10.924  -10.924  -10.021  -10.021   -5.746   -5.746   -2.681   -2.681   -1.875   -1.875
    2.332    2.332    2.408    2.408    3.995    3.995    4.483    4.483    4.964    4.964
    5.453    5.453    5.623    5.623    5.657    5.657    5.772    5.772    5.778    5.778
    6.564    6.564    6.813    6.813    6.887    6.887    7.092    7.092    7.274    7.274
    7.295    7.295    7.530    7.530    8.541    8.541    8.675    8.675    9.017    9.017
    9.200    9.200    9.410    9.410    9.615    9.615   10.668   10.668   10.849   10.849
   10.962   10.962   11.941   11.941   12.273   12.273   12.554   12.554   12.649   12.649
   12.952   12.952   13.451   13.451   14.180   14.180   14.192   14.192   14.582   14.582
            0.233333  0.577350  0.000000
  -27.155  -27.155  -27.133  -27.133  -27.119  -27.119  -27.076  -27.076  -26.596  -26.596
  -26.558  -26.558  -26.547  -26.547  -26.486  -26.486  -26.460  -26.460  -26.390  -26.390
  -10.972  -10.972   -9.978   -9.978   -5.698   -5.698   -2.727   -2.727   -1.839   -1.839
    2.197    2.197    2.384    2.384    3.963    3.963    4.453    4.453    5.071    5.071
    5.411    5.411    5.610    5.610    5.720    5.720    5.727    5.727    5.780    5.780
    6.621    6.621    6.787    6.787    6.853    6.853    7.051    7.051    7.320    7.320
    7.414    7.414    7.634    7.634    8.656    8.656    8.789    8.789    8.981    8.981
    9.171    9.171    9.363    9.363    9.594    9.594   10.566   10.566   10.912   10.912
   11.094   11.094   11.914   11.914   12.250   12.250   12.479   12.479   12.619   12.619
   12.917   12.917   13.477   13.477   14.168   14.168   14.280   14.280   14.701   14.701
            0.222222  0.577350  0.000000
  -27.155  -27.155  -27.134  -27.134  -27.119  -27.119  -27.077  -27.077  -26.596  -26.596
  -26.559  -26.559  -26.547  -26.547  -26.487  -26.487  -26.458  -26.458  -26.391  -26.391
  -11.017  -11.017   -9.938   -9.938   -5.644   -5.644   -2.772   -2.772   -1.806   -1.806
    1.994    1.994    2.433    2.433    3.933    3.933    4.421    4.421    5.175    5.175
    5.368    5.368    5.566    5.566    5.684    5.684    5.689    5.689    5.918    5.918
    6.658    6.658    6.754    6.754    6.829    6.829    7.009    7.009    7.360    7.360
    7.548    7.548    7.765    7.765    8.720    8.720    8.882    8.882    8.995    8.995
    9.156    9.156    9.316    9.316    9.585    9.585   10.431   10.431   11.002   11.002
   11.227   11.227   11.888   11.888   12.225   12.225   12.413   12.413   12.589   12.589
   12.880   12.880   13.459   13.459   14.144   14.144   14.379   14.379   14.608   14.608
            0.211111  0.577350  0.000000
  -27.155  -27.155  -27.135  -27.135  -27.119  -27.119  -27.077  -27.077  -26.596  -26.596
  -26.559  -26.559  -26.547  -26.547  -26.488  -26.488  -26.457  -26.457  -26.392  -26.392
  -11.060  -11.060   -9.902   -9.902   -5.585   -5.585   -2.815   -2.815   -1.777   -1.777
    1.794    1.794    2.487    2.487    3.905    3.905    4.390    4.390    5.271    5.271
    5.329    5.329    5.527    5.527    5.645    5.645    5.650    5.650    6.068    6.068
    6.667    6.667    6.718    6.718    6.821    6.821    6.967    6.967    7.412    7.412
    7.689    7.689    7.909    7.909    8.711    8.711    8.937    8.937    9.084    9.084
    9.168    9.168    9.272    9.272    9.595    9.595   10.296   10.296   11.077   11.077
   11.360   11.360   11.872   11.872   12.200   12.200   12.356   12.356   12.560   12.560
   12.845   12.845   13.382   13.382   14.148   14.148   14.422   14.422   14.483   14.483
            0.200000  0.577350  0.000000
  -27.155  -27.155  -27.135  -27.135  -27.118  -27.118  -27.077  -27.077  -26.596  -26.596
  -26.560  -26.560  -26.547  -26.547  -26.488  -26.488  -26.455  -26.455  -26.392  -26.392
  -11.101  -11.101   -9.868   -9.868   -5.520   -5.520   -2.856   -2.856   -1.749   -1.749
    1.596    1.596    2.544    2.544    3.881    3.881    4.359    4.359    5.281    5.281
    5.359    5.359    5.498    5.498    5.611    5.611    5.618    5.618    6.220    6.220
    6.654    6.654    6.684    6.684    6.821    6.821    6.927    6.927    7.482    7.482
    7.834    7.834    8.060    8.060    8.664    8.664    8.946    8.946    9.201    9.201
    9.204    9.204    9.234    9.234    9.636    9.636   10.168   10.168   11.124   11.124
   11.490   11.490   11.873   11.873   12.177   12.177   12.309   12.309   12.531   12.531
   12.814   12.814   13.253   13.253   14.125   14.125   14.302   14.302   14.589   14.589
            0.188889  0.577350  0.000000
  -27.155  -27.155  -27.136  -27.136  -27.117  -27.117  -27.077  -27.077  -26.596  -26.596
  -26.560  -26.560  -26.548  -26.548  -26.488  -26.488  -26.453  -26.453  -26.393  -26.393
  -11.139  -11.139   -9.837   -9.837   -5.451   -5.451   -2.897   -2.897   -1.725   -1.725
    1.401    1.401    2.605    2.605    3.860    3.860    4.329    4.329    5.244    5.244
    5.389    5.389    5.491    5.491    5.574    5.574    5.617    5.617    6.372    6.372
    6.631    6.631    6.652    6.652    6.820    6.820    6.889    6.889    7.569    7.569
    7.980    7.980    8.214    8.214    8.607    8.607    8.933    8.933    9.186    9.186
    9.230    9.230    9.346    9.346    9.714    9.714   10.050   10.050   11.134   11.134
   11.612   11.612   11.896   11.896   12.159   12.159   12.273   12.273   12.504   12.504
   12.789   12.789   13.095   13.095   13.966   13.966   14.348   14.348   14.689   14.690
            0.177778  0.577350  0.000000
  -27.154  -27.154  -27.136  -27.136  -27.116  -27.116  -27.077  -27.077  -26.595  -26.595
  -26.560  -26.560  -26.548  -26.548  -26.488  -26.488  -26.451  -26.451  -26.394  -26.394
  -11.176  -11.176   -9.809   -9.809   -5.377   -5.377   -2.936   -2.936   -1.702   -1.702
    1.211    1.211    2.668    2.668    3.843    3.843    4.300    4.300    5.208    5.208
    5.371    5.371    5.482    5.482    5.539    5.539    5.664    5.664    6.515    6.515
    6.615    6.615    6.625    6.625    6.815    6.815    6.853    6.853    7.670    7.670
    8.124    8.124    8.370    8.370    8.550    8.550    8.911    8.911    9.148    9.148
    9.243    9.243    9.480    9.480    9.823    9.823    9.947    9.947   11.111   11.111
   11.719   11.719   11.934   11.934   12.149   12.149   12.250   12.250   12.479   12.479
   12.774   12.774   12.927   12.927   13.774   13.774   14.445   14.445   14.669   14.669
            0.166667  0.577350  0.000000
  -27.154  -27.154  -27.136  -27.136  -27.115  -27.115  -27.078  -27.078  -26.594  -26.594
  -26.561  -26.561  -26.548  -26.548  -26.488  -26.488  -26.450  -26.450  -26.394  -26.394
  -11.210  -11.210   -9.784   -9.784   -5.300   -5.300   -2.974   -2.974   -1.683   -1.683
    1.025    1.025    2.732    2.732    3.832    3.832    4.272    4.272    5.174    5.174
    5.340    5.340    5.459    5.459    5.506    5.506    5.733    5.733    6.554    6.554
    6.603    6.603    6.697    6.697    6.811    6.811    6.822    6.822    7.781    7.781
    8.250    8.250    8.508    8.508    8.527    8.527    8.888    8.888    9.111    9.111
    9.247    9.247    9.596    9.596    9.871    9.871    9.953    9.953   11.064   11.064
   11.799   11.799   11.972   11.972   12.148   12.148   12.246   12.246   12.452   12.452
   12.768   12.768   12.778   12.778   13.580   13.580   14.466   14.466   14.545   14.545
            0.155556  0.577350  0.000000
  -27.154  -27.154  -27.136  -27.136  -27.115  -27.115  -27.078  -27.078  -26.594  -26.594
  -26.562  -26.562  -26.548  -26.548  -26.489  -26.489  -26.448  -26.448  -26.396  -26.396
  -11.242  -11.242   -9.761   -9.761   -5.218   -5.218   -3.011   -3.011   -1.665   -1.665
    0.844    0.844    2.795    2.795    3.828    3.828    4.246    4.246    5.142    5.142
    5.307    5.307    5.431    5.431    5.475    5.475    5.800    5.800    6.532    6.532
    6.590    6.590    6.765    6.765    6.786    6.786    6.889    6.889    7.898    7.898
    8.307    8.307    8.536    8.536    8.678    8.678    8.871    8.871    9.077    9.077
    9.249    9.249    9.640    9.640    9.874    9.874   10.097   10.097   11.004   11.004
   11.842   11.842   11.992   11.992   12.149   12.149   12.260   12.260   12.397   12.397
   12.672   12.672   12.799   12.799   13.389   13.389   14.245   14.245   14.382   14.382
            0.144444  0.577350  0.000000
  -27.154  -27.154  -27.136  -27.136  -27.114  -27.114  -27.078  -27.078  -26.594  -26.594
  -26.562  -26.562  -26.548  -26.548  -26.489  -26.489  -26.446  -26.446  -26.397  -26.397
  -11.272  -11.272   -9.740   -9.740   -5.134   -5.134   -3.047   -3.047   -1.649   -1.649
    0.669    0.669    2.857    2.857    3.832    3.832    4.221    4.221    5.113    5.113
    5.273    5.273    5.404    5.404    5.446    5.446    5.854    5.854    6.506    6.506
    6.587    6.587    6.756    6.756    6.760    6.760    7.042    7.042    8.019    8.019
    8.282    8.282    8.648    8.648    8.787    8.787    8.894    8.894    9.047    9.047
    9.257    9.257    9.600    9.600    9.963    9.963   10.248   10.248   10.944   10.944
   11.849   11.849   11.994   11.994   12.121   12.121   12.282   12.282   12.305   12.305
   12.673   12.673   12.852   12.852   13.208   13.208   14.022   14.022   14.154   14.154
            0.133333  0.577350  0.000000
  -27.154  -27.154  -27.137  -27.137  -27.113  -27.113  -27.079  -27.079  -26.593  -26.593
  -26.563  -26.563  -26.549  -26.549  -26.490  -26.490  -26.444  -26.444  -26.398  -26.398
  -11.299  -11.299   -9.722   -9.722   -5.047   -5.047   -3.082   -3.082   -1.636   -1.636
    0.500    0.500    2.914    2.914    3.844    3.844    4.197    4.197    5.085    5.085
    5.240    5.240    5.378    5.378    5.419    5.419    5.891    5.891    6.481    6.481
    6.595    6.595    6.731    6.731    6.745    6.745    7.205    7.205    8.139    8.139
    8.235    8.235    8.777    8.777    8.798    8.798    9.006    9.006    9.026    9.026
    9.284    9.284    9.541    9.541   10.065   10.065   10.405   10.405   10.896   10.896
   11.816   11.816   11.985   11.985   12.034   12.034   12.235   12.235   12.299   12.299
   12.728   12.728   12.935   12.935   13.052   13.052   13.802   13.802   13.927   13.927
            0.122222  0.577350  0.000000
  -27.154  -27.154  -27.136  -27.136  -27.113  -27.113  -27.079  -27.079  -26.593  -26.593
  -26.564  -26.564  -26.549  -26.549  -26.490  -26.490  -26.442  -26.442  -26.399  -26.399
  -11.325  -11.325   -9.706   -9.706   -4.959   -4.959   -3.117   -3.117   -1.624   -1.624
    0.339    0.339    2.967    2.967    3.867    3.867    4.176    4.176    5.059    5.059
    5.207    5.207    5.353    5.353    5.394    5.394    5.908    5.908    6.457    6.457
    6.612    6.612    6.710    6.710    6.729    6.729    7.372    7.372    8.189    8.189
    8.257    8.257    8.783    8.783    8.884    8.884    9.034    9.034    9.107    9.107
    9.354    9.354    9.485    9.485   10.145   10.145   10.567   10.567   10.879   10.879
   11.717   11.717   11.952   11.952   11.972   11.972   12.187   12.187   12.305   12.305
   12.732   12.732   12.997   12.997   13.044   13.044   13.585   13.585   13.702   13.702
            0.111111  0.577350  0.000000
  -27.153  -27.153  -27.136  -27.136  -27.112  -27.112  -27.079  -27.079  -26.592  -26.592
  -26.564  -26.564  -26.549  -26.549  -26.490  -26.490  -26.440  -26.440  -26.400  -26.400
  -11.348  -11.348   -9.692   -9.692   -4.869   -4.869   -3.151   -3.151   -1.613   -1.613
    0.186    0.186    3.014    3.014    3.901    3.901    4.156    4.156    5.036    5.036
    5.174    5.174    5.330    5.330    5.371    5.371    5.906    5.906    6.435    6.435
    6.628    6.628    6.701    6.701    6.714    6.714    7.541    7.541    8.153    8.153
    8.367    8.367    8.770    8.770    8.913    8.913    9.113    9.113    9.167    9.167
    9.439    9.439    9.480    9.480   10.187   10.187   10.731   10.731   10.908   10.908
   11.559   11.559   11.911   11.911   11.956   11.956   12.128   12.128   12.302   12.302
   12.631   12.631   13.085   13.085   13.169   13.169   13.375   13.375   13.481   13.481
            0.100000  0.577350  0.000000
  -27.153  -27.153  -27.136  -27.136  -27.111  -27.111  -27.079  -27.079  -26.591  -26.591
  -26.565  -26.565  -26.549  -26.549  -26.489  -26.489  -26.438  -26.438  -26.400  -26.400
  -11.369  -11.369   -9.680   -9.680   -4.780   -4.780   -3.185   -3.185   -1.604   -1.604
    0.043    0.043    3.053    3.053    3.947    3.947    4.138    4.138    5.015    5.015
    5.141    5.141    5.310    5.310    5.351    5.351    5.890    5.890    6.415    6.415
    6.628    6.628    6.696    6.696    6.715    6.715    7.711    7.711    8.130    8.130
    8.463    8.463    8.762    8.762    8.902    8.902    9.207    9.207    9.214    9.214
    9.413    9.413    9.637    9.637   10.195   10.195   10.897   10.897   10.986   10.986
   11.379   11.379   11.886   11.886   11.942   11.942   12.046   12.046   12.293   12.293
   12.521   12.521   13.147   13.147   13.206   13.206   13.279   13.279   13.331   13.331
            0.088889  0.577350  0.000000
  -27.153  -27.153  -27.136  -27.136  -27.111  -27.111  -27.079  -27.079  -26.590  -26.590
  -26.565  -26.565  -26.549  -26.549  -26.489  -26.489  -26.436  -26.436  -26.401  -26.401
  -11.388  -11.388   -9.669   -9.669   -4.691   -4.691   -3.218   -3.218   -1.596   -1.596
   -0.091   -0.091    3.084    3.084    4.003    4.003    4.122    4.122    4.996    4.996
    5.107    5.107    5.291    5.291    5.332    5.332    5.862    5.862    6.397    6.397
    6.616    6.616    6.683    6.683    6.738    6.738    7.882    7.882    8.124    8.124
    8.537    8.537    8.762    8.762    8.885    8.885    9.253    9.253    9.265    9.265
    9.429    9.429    9.807    9.807   10.194   10.194   11.060   11.060   11.097   11.097
   11.195   11.195   11.866   11.866   11.928   11.928   11.939   11.939   12.279   12.279
   12.435   12.435   12.949   12.949   13.040   13.040   13.386   13.386   13.480   13.480
            0.077778  0.577350  0.000000
  -27.153  -27.153  -27.137  -27.137  -27.110  -27.110  -27.079  -27.079  -26.590  -26.590
  -26.566  -26.566  -26.549  -26.549  -26.489  -26.489  -26.435  -26.435  -26.403  -26.403
  -11.404  -11.404   -9.660   -9.660   -4.605   -4.605   -3.252   -3.252   -1.590   -1.590
   -0.213   -0.213    3.109    3.109    4.067    4.067    4.110    4.110    4.979    4.979
    5.070    5.070    5.275    5.275    5.316    5.316    5.827    5.827    6.381    6.381
    6.602    6.602    6.670    6.670    6.761    6.761    8.053    8.053    8.135    8.135
    8.584    8.584    8.771    8.771    8.868    8.868    9.245    9.245    9.332    9.332
    9.469    9.469    9.983    9.983   10.212   10.212   11.005   11.005   11.225   11.225
   11.230   11.230   11.791   11.791   11.866   11.866   11.920   11.920   12.260   12.260
   12.374   12.374   12.757   12.757   12.833   12.833   13.548   13.548   13.640   13.640
            0.066667  0.577350  0.000000
  -27.153  -27.153  -27.137  -27.137  -27.110  -27.110  -27.079  -27.079  -26.590  -26.590
  -26.566  -26.566  -26.550  -26.550  -26.489  -26.489  -26.433  -26.433  -26.404  -26.404
  -11.418  -11.418   -9.652   -9.652   -4.523   -4.523   -3.284   -3.284   -1.584   -1.584
   -0.323   -0.323    3.127    3.127    4.090    4.090    4.148    4.148    4.965    4.965
    5.031    5.031    5.260    5.260    5.301    5.301    5.787    5.787    6.367    6.367
    6.588    6.588    6.659    6.659    6.780    6.780    8.162    8.162    8.224    8.224
    8.608    8.608    8.787    8.787    8.852    8.852    9.219    9.219    9.412    9.412
    9.485    9.485   10.163   10.163   10.272   10.272   10.828   10.828   11.360   11.360
   11.376   11.376   11.659   11.659   11.855   11.855   11.916   11.916   12.230   12.230
   12.323   12.323   12.584   12.584   12.637   12.637   13.717   13.717   13.806   13.806
            0.055556  0.577350  0.000000
  -27.153  -27.153  -27.137  -27.137  -27.110  -27.110  -27.081  -27.081  -26.590  -26.590
  -26.567  -26.567  -26.550  -26.550  -26.490  -26.490  -26.432  -26.432  -26.405  -26.405
  -11.431  -11.431   -9.646   -9.646   -4.446   -4.446   -3.316   -3.316   -1.580   -1.580
   -0.419   -0.419    3.140    3.140    4.081    4.081    4.227    4.227    4.951    4.951
    4.989    4.989    5.248    5.248    5.289    5.289    5.747    5.747    6.355    6.355
    6.576    6.576    6.649    6.649    6.792    6.792    8.204    8.204    8.390    8.390
    8.618    8.618    8.803    8.803    8.839    8.839    9.188    9.188    9.455    9.455
    9.513    9.513   10.342   10.342   10.375   10.375   10.664   10.664   11.418   11.418
   11.483   11.483   11.612   11.612   11.856   11.856   11.922   11.922   12.171   12.171
   12.254   12.254   12.455   12.455   12.481   12.481   13.650   13.650   13.698   13.698
            0.044444  0.577350  0.000000
  -27.153  -27.153  -27.138  -27.138  -27.109  -27.109  -27.081  -27.081  -26.590  -26.590
  -26.567  -26.567  -26.550  -26.550  -26.490  -26.490  -26.431  -26.431  -26.406  -26.406
  -11.441  -11.441   -9.641   -9.641   -4.377   -4.377   -3.345   -3.345   -1.576   -1.576
   -0.499   -0.499    3.150    3.150    4.073    4.073    4.311    4.311    4.931    4.931
    4.950    4.950    5.238    5.238    5.279    5.279    5.709    5.709    6.345    6.345
    6.566    6.566    6.641    6.641    6.799    6.799    8.257    8.257    8.543    8.543
    8.629    8.629    8.816    8.816    8.828    8.828    9.154    9.154    9.420    9.420
    9.597    9.597   10.461   10.461   10.508   10.508   10.582   10.582   11.299   11.299
   11.567   11.567   11.696   11.696   11.882   11.882   11.942   11.942   12.080   12.080
   12.119   12.119   12.395   12.395   12.411   12.411   13.451   13.451   13.498   13.498
            0.033333  0.577350  0.000000
  -27.153  -27.153  -27.138  -27.138  -27.109  -27.109  -27.081  -27.081  -26.590  -26.590
  -26.567  -26.567  -26.549  -26.549  -26.490  -26.490  -26.430  -26.430  -26.408  -26.408
  -11.448  -11.448   -9.637   -9.637   -4.319   -4.319   -3.372   -3.372   -1.573   -1.573
   -0.563   -0.563    3.156    3.156    4.066    4.066    4.396    4.396    4.882    4.882
    4.938    4.938    5.230    5.230    5.272    5.272    5.676    5.676    6.338    6.338
    6.558    6.558    6.635    6.635    6.803    6.803    8.315    8.315    8.603    8.603
    8.721    8.721    8.819    8.819    8.825    8.825    9.119    9.119    9.378    9.378
    9.662    9.662   10.379   10.379   10.660   10.660   10.736   10.736   11.162   11.162
   11.574   11.574   11.740   11.740   11.911   11.911   11.932   11.932   11.990   11.990
   12.050   12.050   12.391   12.391   12.412   12.412   13.256   13.256   13.304   13.304
            0.022222  0.577350  0.000000
  -27.153  -27.153  -27.138  -27.138  -27.109  -27.109  -27.082  -27.082  -26.590  -26.590
  -26.568  -26.568  -26.549  -26.549  -26.490  -26.490  -26.429  -26.429  -26.409  -26.409
  -11.454  -11.454   -9.634   -9.634   -4.274   -4.274   -3.393   -3.393   -1.571   -1.571
   -0.610   -0.610    3.161    3.161    4.061    4.061    4.480    4.480    4.823    4.823
    4.931    4.931    5.225    5.225    5.266    5.266    5.651    5.651    6.332    6.332
    6.552    6.552    6.630    6.630    6.804    6.804    8.369    8.369    8.606    8.606
    8.812    8.812    8.825    8.825    8.855    8.855    9.086    9.086    9.344    9.344
    9.686    9.686   10.322   10.322   10.821   10.821   10.909   10.909   11.051   11.051
   11.492   11.492   11.691   11.691   11.800   11.800   11.887   11.887   12.051   12.051
   12.104   12.104   12.438   12.438   12.465   12.465   13.069   13.069   13.117   13.117
            0.011111  0.577350  0.000000
  -27.153  -27.153  -27.138  -27.138  -27.108  -27.108  -27.082  -27.082  -26.590  -26.590
  -26.568  -26.568  -26.549  -26.549  -26.490  -26.490  -26.428  -26.428  -26.409  -26.409
  -11.457  -11.457   -9.633   -9.633   -4.245   -4.245   -3.407   -3.407   -1.570   -1.570
   -0.638   -0.638    3.163    3.163    4.058    4.058    4.556    4.556    4.763    4.763
    4.928    4.928    5.222    5.222    5.263    5.263    5.635    5.635    6.329    6.329
    6.548    6.548    6.628    6.628    6.805    6.805    8.409    8.409    8.606    8.606
    8.810    8.810    8.830    8.830    8.936    8.936    9.074    9.074    9.322    9.322
    9.670    9.670   10.313   10.313   10.921   10.921   10.983   10.983   11.137   11.137
   11.358   11.358   11.518   11.518   11.784   11.784   11.867   11.867   12.098   12.098
   12.142   12.142   12.533   12.533   12.562   12.562   12.897   12.897   12.947   12.947
            0.000000  0.577350  0.000000
  -27.153  -27.153  -27.138  -27.138  -27.108  -27.108  -27.082  -27.082  -26.590  -26.590
  -26.568  -26.568  -26.549  -26.549  -26.490  -26.490  -26.428  -26.428  -26.409  -26.409
  -11.458  -11.458   -9.632   -9.632   -4.235   -4.235   -3.412   -3.412   -1.570   -1.570
   -0.648   -0.648    3.164    3.164    4.057    4.057    4.597    4.597    4.728    4.728
    4.927    4.927    5.221    5.221    5.262    5.262    5.629    5.629    6.328    6.328
    6.547    6.547    6.627    6.627    6.805    6.805    8.425    8.425    8.605    8.605
    8.810    8.810    8.830    8.830    8.957    8.957    9.081    9.081    9.315    9.315
    9.655    9.655   10.319   10.319   10.890   10.890   11.090   11.090   11.257   11.257
   11.307   11.307   11.343   11.343   11.782   11.782   11.862   11.862   12.112   12.112
   12.154   12.154   12.614   12.614   12.638   12.638   12.792   12.792   12.849   12.849
