 &plot nbnd= 100, nks=    61 /
            0.500000  0.500000  0.500000
  -26.418  -26.418  -26.418  -26.409  -26.409   -6.103   -6.004   -6.004   -5.943   -5.943
   -2.175    2.162    7.652    7.652    9.791   13.438   13.438   16.558   19.188   20.713
   20.713   21.306   21.966   21.966   28.254   30.475   31.088   31.088   31.735   31.735
   34.967   35.539   36.679   36.679   37.398   37.588   37.588   41.822   41.822   42.116
   42.116   42.178   42.819   43.748   48.315   49.761   49.761   50.164   50.164   51.915
   56.183   56.183   56.950   56.950   57.786   58.343   59.618   59.618   59.908   59.908
   59.944   64.136   64.136   64.369   65.404   65.404   66.101   67.614   67.614   67.755
   67.755   68.034   68.832   69.625   71.921   71.921   72.229   72.229   72.775   73.180
   76.392   76.392   77.294   77.413   77.413   79.231   79.640   82.766   82.766   85.022
   85.022   85.958   87.034   87.923   88.307   88.307   88.999   88.999   89.171   92.779
            0.483333  0.483333  0.483333
  -26.418  -26.418  -26.418  -26.409  -26.409   -6.103   -6.004   -6.004   -5.943   -5.943
   -2.183    2.177    7.654    7.654    9.793   13.439   13.439   16.559   19.134   20.629
   20.629   21.360   22.061   22.061   28.140   30.599   30.811   30.811   32.019   32.019
   34.639   35.879   36.671   36.671   37.391   37.582   37.582   41.836   41.836   42.132
   42.132   42.161   42.833   43.771   48.318   49.749   49.749   50.180   50.180   51.914
   55.734   55.734   57.367   57.367   57.467   58.619   59.456   59.456   59.939   60.110
   60.110   63.958   63.958   64.393   65.485   65.485   66.088   67.237   67.237   67.650
   68.236   68.236   69.221   69.579   71.457   71.457   72.622   72.714   72.714   73.426
   75.835   75.835   77.090   77.974   77.974   79.235   79.870   82.769   82.769   85.026
   85.026   85.761   87.031   87.708   88.311   88.311   89.001   89.001   89.558   92.694
            0.466667  0.466667  0.466667
  -26.418  -26.418  -26.418  -26.409  -26.409   -6.102   -6.005   -6.005   -5.943   -5.943
   -2.207    2.220    7.660    7.660    9.800   13.443   13.443   16.562   18.988   20.427
   20.427   21.507   22.296   22.296   27.857   30.357   30.357   30.910   32.495   32.495
   34.146   36.410   36.648   36.648   37.371   37.565   37.565   41.876   41.876   42.112
   42.178   42.178   42.875   43.837   48.328   49.720   49.720   50.225   50.225   51.911
   55.033   55.033   56.951   57.917   57.917   58.972   59.317   59.317   59.961   60.424
   60.424   63.566   63.566   64.447   65.476   65.476   66.067   67.032   67.088   67.088
   68.795   68.795   69.433   69.854   70.908   70.908   72.481   73.337   73.337   73.839
   74.966   74.966   76.637   78.855   78.855   79.249   80.409   82.779   82.779   85.040
   85.040   85.199   87.022   87.463   88.324   88.324   89.007   89.007   90.274   92.455
            0.450000  0.450000  0.450000
  -26.418  -26.418  -26.418  -26.409  -26.409   -6.101   -6.005   -6.005   -5.943   -5.943
   -2.247    2.292    7.671    7.671    9.811   13.448   13.448   16.565   18.782   20.176
   20.176   21.710   22.601   22.601   27.496   29.882   29.882   31.306   33.005   33.005
   33.666   36.610   36.610   36.968   37.340   37.536   37.536   41.943   41.943   42.040
   42.253   42.253   42.945   43.939   48.345   49.680   49.680   50.288   50.288   51.906
   54.303   54.303   56.398   58.170   58.170   59.138   59.501   59.501   60.124   60.749
   60.749   63.115   63.115   64.477   65.156   65.156   66.090   66.388   67.330   67.330
   69.177   69.251   69.251   70.487   70.487   70.522   72.479   73.954   73.954   74.092
   74.092   74.244   76.159   79.272   79.770   79.770   81.078   82.797   82.797   84.402
   85.066   85.066   87.006   87.346   88.345   88.345   89.017   89.017   90.992   92.090
            0.433333  0.433333  0.433333
  -26.418  -26.418  -26.418  -26.409  -26.409   -6.100   -6.005   -6.005   -5.943   -5.943
   -2.299    2.390    7.687    7.687    9.827   13.456   13.456   16.565   18.546   19.910
   19.910   21.938   22.943   22.943   27.118   29.407   29.407   31.686   33.264   33.529
   33.529   36.560   36.560   37.297   37.499   37.499   37.534   41.955   42.035   42.035
   42.357   42.357   43.042   44.069   48.368   49.636   49.636   50.363   50.363   51.897
   53.568   53.568   55.831   58.069   58.069   59.088   60.040   60.040   60.451   61.051
   61.051   62.684   62.684   64.426   64.666   64.666   65.740   66.213   67.783   67.783
   68.828   69.245   69.245   70.544   70.544   71.202   72.608   73.172   73.172   74.466
   74.637   74.637   75.888   79.306   80.678   80.678   81.795   82.831   82.831   83.503
   85.106   85.106   86.983   87.302   88.375   88.375   89.030   89.030   91.516   91.629
            0.416667  0.416667  0.416667
  -26.418  -26.418  -26.418  -26.409  -26.409   -6.098   -6.005   -6.005   -5.943   -5.943
   -2.364    2.513    7.706    7.706    9.847   13.465   13.465   16.557   18.302   19.644
   19.644   22.161   23.308   23.308   26.759   28.937   28.937   31.853   33.116   34.059
   34.059   36.500   36.500   37.244   37.454   37.454   38.099   41.867   42.151   42.151
   42.486   42.486   43.163   44.220   48.397   49.590   49.590   50.445   50.445   51.886
   52.838   52.838   55.258   57.842   57.842   58.930   60.655   60.655   60.834   61.273
   61.273   62.390   62.390   64.127   64.127   64.281   65.096   66.444   68.308   68.308
   68.416   68.828   68.828   70.995   70.995   71.886   72.336   72.336   72.813   74.313
   75.300   75.300   76.062   79.351   81.540   81.540   82.338   82.753   82.901   82.901
   85.169   85.169   86.953   87.295   88.412   88.412   89.045   89.045   91.104   91.104
            0.400000  0.400000  0.400000
  -26.418  -26.418  -26.418  -26.409  -26.409   -6.096   -6.006   -6.006   -5.944   -5.944
   -2.438    2.658    7.730    7.730    9.871   13.475   13.475   16.533   18.069   19.385
   19.385   22.352   23.689   23.689   26.447   28.475   28.475   31.639   33.380   34.592
   34.592   36.433   36.433   37.182   37.404   37.404   38.653   41.787   42.289   42.289
   42.639   42.639   43.308   44.386   48.434   49.542   49.542   50.528   50.528   51.870
   52.122   52.122   54.684   57.583   57.583   58.728   60.876   60.876   61.204   61.594
   61.594   62.415   62.415   63.597   63.597   64.081   64.456   66.730   67.987   68.255
   68.255   68.930   68.930   71.082   71.082   71.990   71.990   72.571   72.974   74.055
   75.972   75.972   76.516   79.410   81.510   82.242   82.242   83.101   83.101   83.359
   85.270   85.270   86.916   87.308   88.457   88.457   89.057   89.057   90.543   90.543
            0.383333  0.383333  0.383333
  -26.418  -26.418  -26.418  -26.409  -26.409   -6.094   -6.006   -6.006   -5.944   -5.944
   -2.519    2.823    7.758    7.758    9.899   13.484   13.484   16.480   17.865   19.137
   19.137   22.482   24.082   24.082   26.214   28.021   28.021   31.236   33.856   35.120
   35.120   36.366   36.366   37.114   37.355   37.355   39.182   41.733   42.449   42.449
   42.814   42.814   43.475   44.563   48.476   49.487   49.487   50.596   50.596   51.442
   51.442   51.846   54.117   57.320   57.320   58.507   60.552   60.552   61.513   62.084
   62.084   62.699   62.699   63.205   63.205   63.822   63.883   66.923   67.663   67.715
   67.715   69.515   69.515   70.360   70.360   72.509   72.509   72.872   73.253   74.092
   76.653   76.653   77.063   79.484   80.531   82.575   82.575   83.590   83.590   84.106
   85.451   85.451   86.872   87.339   88.506   88.506   89.057   89.057   89.980   89.980
            0.366667  0.366667  0.366667
  -26.418  -26.418  -26.418  -26.409  -26.409   -6.091   -6.007   -6.007   -5.944   -5.944
   -2.606    3.006    7.790    7.790    9.932   13.491   13.491   16.384   17.709   18.904
   18.904   22.521   24.483   24.483   26.089   27.578   27.578   30.783   34.404   35.616
   35.616   36.318   36.318   37.040   37.316   37.316   39.656   41.735   42.628   42.628
   43.008   43.008   43.663   44.749   48.526   49.407   49.407   50.516   50.516   50.948
   50.948   51.812   53.564   57.060   57.060   58.279   60.092   60.092   61.700   62.058
   62.058   63.002   63.002   63.194   63.461   63.461   63.758   66.719   67.163   67.163
   67.714   69.484   69.484   70.172   70.172   72.580   73.170   73.170   73.927   74.418
   77.340   77.340   77.645   79.547   79.578   82.685   82.685   84.132   84.132   84.840
   85.786   85.786   86.819   87.385   88.547   88.547   88.991   88.991   89.505   89.505
            0.350000  0.350000  0.350000
  -26.418  -26.418  -26.418  -26.409  -26.409   -6.089   -6.007   -6.007   -5.945   -5.945
   -2.696    3.205    7.826    7.826    9.968   13.497   13.497   16.236   17.611   18.687
   18.687   22.452   24.888   24.888   26.088   27.148   27.148   30.319   34.982   35.951
   35.951   36.394   36.394   36.963   37.313   37.313   40.023   41.843   42.825   42.825
   43.221   43.221   43.869   44.941   48.582   49.234   49.234   50.083   50.083   50.913
   50.913   51.758   53.039   56.810   56.810   58.051   59.595   59.595   61.600   61.600
   61.706   62.574   63.379   63.379   63.766   64.118   64.118   66.299   66.620   66.620
   67.922   68.660   68.660   70.793   70.793   72.324   73.862   73.862   74.587   74.854
   78.034   78.034   78.215   78.599   79.696   82.737   82.737   84.489   84.489   85.529
   86.309   86.309   86.759   87.457   88.459   88.459   88.821   88.821   89.121   89.319
            0.333333  0.333333  0.333333
  -26.418  -26.418  -26.418  -26.409  -26.409   -6.085   -6.008   -6.008   -5.945   -5.945
   -2.789    3.419    7.866    7.866   10.008   13.498   13.498   16.040   17.569   18.489
   18.489   22.282   25.285   25.285   26.206   26.745   26.745   29.855   35.577   35.981
   35.981   36.656   36.656   36.883   37.431   37.431   40.235   42.106   43.038   43.038
   43.449   43.449   44.094   45.138   48.644   48.831   48.831   49.782   49.782   50.990
   50.990   51.659   52.570   56.571   56.571   57.826   59.086   59.086   61.063   61.063
   61.531   61.960   63.789   63.789   63.884   64.791   64.791   65.877   66.122   66.122
   67.855   67.855   68.046   71.438   71.438   72.217   74.569   74.569   75.226   75.323
   77.590   78.732   78.732   78.878   79.848   82.771   82.771   84.678   84.678   86.112
   86.691   86.831   86.831   87.579   88.160   88.160   88.544   88.858   88.858   89.329
            0.316667  0.316667  0.316667
  -26.418  -26.418  -26.418  -26.409  -26.409   -6.082   -6.009   -6.009   -5.945   -5.945
   -2.882    3.645    7.910    7.910   10.050   13.494   13.494   15.808   17.570   18.312
   18.312   22.033   25.617   25.617   26.420   26.424   26.424   29.398   35.917   35.917
   36.181   36.784   36.784   36.802   37.784   37.784   40.301   42.510   43.265   43.265
   43.692   43.692   44.334   45.335   48.238   48.238   48.712   49.669   49.669   51.079
   51.079   51.460   52.220   56.346   56.346   57.605   58.573   58.573   60.513   60.513
   61.236   61.354   63.987   64.200   64.200   65.106   65.106   65.563   65.951   65.951
   67.132   67.132   68.014   72.094   72.094   72.312   75.286   75.286   75.710   75.832
   76.762   79.431   79.431   79.487   80.042   82.796   82.796   84.770   84.770   86.439
   86.616   86.892   86.892   87.754   88.145   88.196   88.196   88.992   88.992   89.473
            0.300000  0.300000  0.300000
  -26.418  -26.418  -26.418  -26.409  -26.409   -6.078   -6.010   -6.010   -5.945   -5.945
   -2.975    3.883    7.956    7.956   10.096   13.483   13.483   15.554   17.601   18.158
   18.158   21.733   25.623   25.623   26.446   26.446   26.702   28.953   35.834   35.834
   36.720   36.784   36.784   36.788   38.288   38.288   40.275   43.000   43.506   43.506
   43.945   43.945   44.590   45.532   47.587   47.587   48.784   49.628   49.628   51.134
   51.169   51.169   52.024   56.138   56.138   57.389   58.061   58.061   59.963   59.963
   60.755   60.872   63.900   64.456   64.456   64.876   64.876   65.493   65.986   65.986
   66.943   66.943   67.831   72.596   72.761   72.761   75.380   76.011   76.011   76.392
   76.683   80.100   80.128   80.128   80.292   82.810   82.810   84.791   84.791   86.342
   86.534   86.542   86.542   87.683   88.388   88.448   88.448   89.098   89.098   89.904
            0.283333  0.283333  0.283333
  -26.418  -26.418  -26.418  -26.409  -26.409   -6.075   -6.010   -6.010   -5.946   -5.946
   -3.066    4.132    8.006    8.006   10.143   13.464   13.464   15.288   17.651   18.028
   18.028   21.405   25.314   25.314   26.799   26.799   27.023   28.528   35.747   35.747
   36.640   36.741   36.741   37.393   38.848   38.848   40.205   43.526   43.759   43.759
   44.205   44.205   44.860   45.724   46.928   46.928   48.859   49.615   49.615   50.757
   51.254   51.254   51.920   55.946   55.946   57.175   57.551   57.551   59.420   59.420
   60.163   60.469   63.589   63.999   63.999   65.167   65.167   65.433   65.433   65.669
   67.551   67.566   67.566   73.005   73.437   73.437   74.539   76.741   76.741   76.892
   77.166   80.613   80.709   80.813   80.813   82.812   82.812   84.720   84.720   85.904
   86.180   86.180   86.446   87.648   88.607   88.607   88.902   89.137   89.137   90.544
            0.266667  0.266667  0.266667
  -26.418  -26.418  -26.418  -26.409  -26.409   -6.071   -6.011   -6.011   -5.946   -5.946
   -3.156    4.390    8.059    8.059   10.192   13.436   13.436   15.017   17.711   17.924
   17.924   21.068   24.943   24.943   27.232   27.232   27.334   28.160   35.660   35.660
   36.560   36.684   36.684   37.982   39.432   39.432   40.122   44.021   44.021   44.058
   44.457   44.457   45.144   45.908   46.289   46.289   48.931   49.617   49.617   50.403
   51.330   51.330   51.852   55.772   55.772   56.961   57.046   57.046   58.886   58.886
   59.579   60.046   63.170   63.349   63.349   64.778   64.778   65.639   65.639   65.943
   67.248   68.334   68.334   73.232   73.921   74.122   74.122   77.319   77.474   77.474
   77.730   81.014   81.311   81.465   81.465   82.796   82.796   84.531   84.531   85.329
   85.958   85.958   86.354   87.688   88.695   88.695   89.145   89.145   89.435   91.049
            0.250000  0.250000  0.250000
  -26.419  -26.418  -26.418  -26.409  -26.409   -6.066   -6.012   -6.012   -5.946   -5.946
   -3.242    4.656    8.114    8.114   10.241   13.398   13.398   14.745   17.774   17.847
   17.847   20.734   24.564   24.564   27.402   27.689   27.689   28.070   35.575   35.575
   36.483   36.622   36.622   38.524   40.030   40.030   40.067   44.285   44.285   44.567
   44.651   44.651   45.440   45.732   45.732   46.078   48.993   49.631   49.631   50.122
   51.393   51.393   51.799   55.616   55.616   56.546   56.546   56.743   58.368   58.368
   59.004   59.611   62.642   62.642   62.717   64.189   64.189   66.102   66.102   66.123
   67.067   69.131   69.131   72.515   74.312   74.816   74.816   77.671   78.209   78.209
   78.319   81.499   81.900   82.002   82.002   82.794   82.794   84.277   84.277   84.712
   85.901   85.901   86.257   87.757   88.740   88.740   89.139   89.139   89.936   91.204
            0.233333  0.233333  0.233333
  -26.419  -26.418  -26.418  -26.409  -26.409   -6.062   -6.014   -6.014   -5.946   -5.946
   -3.325    4.929    8.171    8.171   10.289   13.350   13.350   14.474   17.798   17.798
   17.830   20.418   24.187   24.187   27.104   28.160   28.160   28.376   35.492   35.492
   36.409   36.559   36.559   38.929   40.134   40.635   40.635   44.419   44.419   44.682
   44.682   45.026   45.498   45.498   45.749   46.235   49.033   49.653   49.653   49.955
   51.442   51.442   51.758   55.473   55.473   56.056   56.056   56.513   57.869   57.869
   58.436   59.175   61.900   61.900   62.264   63.638   63.638   65.988   66.579   66.579
   67.217   69.938   69.938   71.616   74.936   75.518   75.518   77.953   78.918   78.942
   78.942   82.061   82.137   82.137   82.470   82.996   82.996   84.089   84.104   84.104
   85.967   85.967   86.160   87.841   88.750   88.750   89.126   89.126   90.385   91.203
            0.216667  0.216667  0.216667
  -26.419  -26.418  -26.418  -26.409  -26.409   -6.058   -6.015   -6.015   -5.946   -5.946
   -3.404    5.209    8.230    8.230   10.334   13.294   13.294   14.209   17.776   17.776
   17.870   20.134   23.817   23.817   26.730   28.641   28.641   28.786   35.413   35.413
   36.338   36.497   36.497   39.069   40.447   41.242   41.242   43.985   43.985   44.917
   44.917   45.386   45.659   45.659   46.068   46.395   49.057   49.684   49.684   49.923
   51.471   51.471   51.730   55.320   55.320   55.591   55.591   56.263   57.399   57.399
   57.876   58.744   61.139   61.139   61.827   63.119   63.119   65.654   67.066   67.066
   67.577   70.718   70.748   70.748   75.608   76.228   76.228   78.177   79.516   79.669
   79.669   81.857   81.857   82.686   82.979   83.286   83.286   83.514   84.173   84.173
   86.062   86.134   86.134   87.937   88.728   88.728   89.107   89.107   90.778   91.162
            0.200000  0.200000  0.200000
  -26.419  -26.418  -26.418  -26.409  -26.409   -6.054   -6.016   -6.016   -5.947   -5.947
   -3.479    5.495    8.290    8.290   10.373   13.228   13.228   13.953   17.780   17.780
   17.879   19.900   23.455   23.455   26.350   29.131   29.131   29.224   35.339   35.339
   36.271   36.437   36.437   39.000   40.951   41.837   41.837   43.407   43.407   45.215
   45.215   45.592   45.947   45.947   46.399   46.593   49.099   49.723   49.723   50.006
   51.480   51.480   51.725   55.014   55.014   55.281   55.281   55.980   56.975   56.975
   57.325   58.330   60.370   60.370   61.416   62.628   62.628   65.267   67.562   67.562
   67.980   69.856   71.556   71.556   76.302   76.946   76.946   78.356   80.091   80.377
   80.377   81.412   81.412   82.813   83.359   83.411   83.411   83.621   84.487   84.487
   85.968   86.408   86.408   88.043   88.682   88.682   89.079   89.079   91.099   91.099
            0.183333  0.183333  0.183333
  -26.419  -26.418  -26.418  -26.409  -26.409   -6.050   -6.017   -6.017   -5.947   -5.947
   -3.548    5.785    8.351    8.351   10.404   13.156   13.156   13.707   17.810   17.810
   17.841   19.732   23.102   23.102   25.976   29.628   29.628   29.678   35.270   35.270
   36.208   36.381   36.381   38.833   41.528   42.292   42.292   42.946   42.946   45.527
   45.527   45.634   46.274   46.274   46.739   46.841   49.180   49.768   49.768   50.163
   51.467   51.467   51.763   54.561   54.561   55.094   55.094   55.654   56.623   56.623
   56.782   57.943   59.602   59.602   61.040   62.158   62.158   64.867   68.066   68.066
   68.251   69.174   72.361   72.361   77.007   77.668   77.668   78.501   80.578   80.783
   80.783   81.175   81.175   82.345   83.465   83.465   84.065   84.100   84.844   84.844
   85.883   86.803   86.803   88.158   88.622   88.622   89.039   89.039   91.008   91.008
            0.166667  0.166667  0.166667
  -26.419  -26.418  -26.418  -26.409  -26.409   -6.046   -6.018   -6.018   -5.947   -5.947
   -3.613    6.080    8.411    8.411   10.422   13.079   13.079   13.475   17.748   17.864
   17.864   19.641   22.758   22.758   25.614   30.133   30.133   30.142   35.206   35.206
   36.150   36.328   36.328   38.618   41.980   41.980   42.123   43.250   43.250   45.572
   45.850   45.850   46.622   46.622   47.089   47.105   49.291   49.820   49.820   50.352
   51.431   51.431   51.876   54.095   54.095   54.864   54.864   55.276   56.248   56.374
   56.374   57.589   58.842   58.842   60.703   61.706   61.706   64.465   67.832   68.578
   68.578   69.223   73.159   73.159   77.714   78.388   78.388   78.621   80.277   80.277
   80.748   81.786   81.786   82.189   83.513   83.513   84.562   84.773   85.147   85.147
   85.828   87.295   87.295   88.280   88.563   88.563   88.990   88.990   90.872   90.872
            0.150000  0.150000  0.150000
  -26.419  -26.418  -26.418  -26.409  -26.409   -6.042   -6.019   -6.019   -5.947   -5.947
   -3.672    6.377    8.470    8.470   10.423   13.000   13.000   13.263   17.603   17.940
   17.940   19.625   22.425   22.425   25.266   30.612   30.643   30.643   35.149   35.149
   36.097   36.279   36.279   38.367   41.384   41.384   42.706   43.842   43.842   45.474
   46.181   46.181   46.985   46.985   47.360   47.448   49.407   49.878   49.878   50.524
   51.372   51.372   52.103   53.632   53.632   54.561   54.561   54.843   55.723   56.233
   56.233   57.274   58.102   58.102   60.409   61.271   61.271   64.060   67.077   69.097
   69.097   69.653   73.945   73.945   78.404   78.721   79.053   79.053   79.766   79.766
   80.452   82.390   82.390   82.517   83.577   83.577   84.987   85.342   85.400   85.400
   85.940   87.789   87.789   88.405   88.533   88.533   88.972   88.972   90.676   90.676
            0.133333  0.133333  0.133333
  -26.419  -26.418  -26.418  -26.409  -26.409   -6.039   -6.020   -6.020   -5.947   -5.947
   -3.726    6.677    8.527    8.527   10.400   12.920   12.920   13.074   17.425   18.036
   18.036   19.667   22.104   22.104   24.934   31.087   31.159   31.159   35.098   35.098
   36.048   36.234   36.234   38.087   40.765   40.765   43.242   44.462   44.462   45.407
   46.520   46.520   47.360   47.360   47.599   47.816   49.508   49.942   49.942   50.650
   51.292   51.292   52.459   53.176   53.176   54.202   54.202   54.363   55.207   56.153
   56.153   56.997   57.414   57.414   60.157   60.850   60.850   63.645   66.317   69.623
   69.623   70.144   74.716   74.716   78.805   78.977   78.977   79.012   79.988   79.988
   80.030   82.894   82.894   83.047   83.682   83.682   85.374   85.461   85.630   85.630
   86.525   88.065   88.065   88.525   88.540   88.540   89.166   89.166   90.438   90.438
            0.116667  0.116667  0.116667
  -26.419  -26.419  -26.419  -26.409  -26.409   -6.035   -6.021   -6.021   -5.947   -5.947
   -3.774    6.977    8.581    8.581   10.349   12.842   12.842   12.914   17.232   18.149
   18.149   19.749   21.795   21.795   24.619   31.564   31.678   31.678   35.055   35.055
   36.005   36.193   36.193   37.781   40.146   40.146   43.669   45.087   45.087   45.450
   46.866   46.866   47.745   47.745   47.820   48.191   49.581   50.012   50.012   50.737
   51.191   51.191   52.729   52.729   52.909   53.815   53.815   53.855   54.702   55.990
   55.990   56.755   56.897   56.897   59.945   60.444   60.444   63.207   65.609   70.156
   70.156   70.654   75.463   75.463   78.421   78.421   78.877   79.078   80.087   80.693
   80.693   83.224   83.224   83.621   83.862   83.862   85.423   85.724   85.852   85.852
   87.286   88.094   88.094   88.495   88.495   88.632   89.631   89.631   90.248   90.248
            0.100000  0.100000  0.100000
  -26.419  -26.419  -26.419  -26.409  -26.409   -6.033   -6.021   -6.021   -5.947   -5.947
   -3.815    7.278    8.632    8.632   10.263   12.769   12.769   12.785   17.039   18.276
   18.276   19.855   21.500   21.500   24.327   32.041   32.199   32.199   35.021   35.021
   35.968   36.157   36.157   37.451   39.534   39.534   43.913   45.691   45.707   45.707
   47.219   47.219   48.027   48.137   48.137   48.572   49.618   50.087   50.087   50.803
   51.069   51.069   52.292   52.292   53.141   53.424   53.424   53.607   54.209   55.528
   55.528   56.551   56.747   56.747   59.767   60.052   60.052   62.730   64.988   70.695
   70.695   71.173   76.167   76.167   77.852   77.852   78.596   78.937   80.664   81.425
   81.425   83.388   83.388   84.082   84.082   84.186   85.366   86.046   86.049   86.049
   88.061   88.061   88.082   88.450   88.450   88.707   89.751   89.751   90.554   90.554
            0.083333  0.083333  0.083333
  -26.419  -26.419  -26.419  -26.409  -26.409   -6.030   -6.022   -6.022   -5.947   -5.947
   -3.851    7.576    8.677    8.677   10.143   12.687   12.702   12.702   16.859   18.414
   18.414   19.974   21.223   21.223   24.060   32.516   32.717   32.717   34.998   34.998
   35.936   36.124   36.124   37.100   38.932   38.932   43.983   46.125   46.317   46.317
   47.577   47.577   48.220   48.529   48.529   48.957   49.617   50.165   50.165   50.860
   50.925   50.925   51.870   51.870   52.645   53.048   53.048   53.729   54.096   54.896
   54.896   56.401   56.826   56.826   59.612   59.674   59.674   62.205   64.477   71.239
   71.239   71.694   76.704   76.704   77.414   77.414   78.037   78.987   81.294   82.144
   82.144   83.476   83.476   84.241   84.241   84.710   85.311   86.171   86.171   86.353
   88.030   88.030   88.489   88.489   88.722   88.889   89.597   89.597   90.377   91.193
            0.066667  0.066667  0.066667
  -26.419  -26.419  -26.419  -26.409  -26.409   -6.028   -6.023   -6.023   -5.947   -5.947
   -3.880    7.870    8.716    8.716    9.988   12.619   12.644   12.644   16.700   18.557
   18.557   20.093   20.966   20.966   23.824   32.985   33.224   33.224   34.993   34.993
   35.909   36.094   36.094   36.731   38.345   38.345   43.965   46.669   46.908   46.908
   47.940   47.940   48.401   48.908   48.908   49.342   49.583   50.242   50.242   50.764
   50.764   50.894   51.473   51.473   52.084   52.704   52.704   53.266   54.233   54.233
   54.624   56.343   56.991   56.991   59.310   59.310   59.459   61.647   64.083   71.787
   71.787   72.209   76.482   76.482   77.477   77.687   77.687   79.027   81.899   82.805
   82.805   83.558   83.558   84.306   84.306   85.163   85.262   86.190   86.190   86.661
   87.998   87.998   88.602   88.602   88.634   89.524   89.524   89.692   90.066   91.370
            0.050000  0.050000  0.050000
  -26.419  -26.419  -26.419  -26.409  -26.409   -6.026   -6.023   -6.023   -5.947   -5.947
   -3.903    8.157    8.747    8.747    9.805   12.575   12.597   12.597   16.570   18.699
   18.699   20.202   20.737   20.737   23.626   33.443   33.701   33.701   35.018   35.018
   35.889   36.063   36.063   36.350   37.784   37.784   43.920   47.257   47.468   47.468
   48.306   48.306   48.569   49.238   49.238   49.526   49.721   50.276   50.276   50.622
   50.622   50.838   51.134   51.134   51.593   52.411   52.411   52.827   53.582   53.582
   55.028   56.468   57.199   57.199   58.960   58.960   59.271   61.105   63.796   72.336
   72.336   72.706   75.943   75.943   76.941   78.216   78.216   79.058   82.444   83.238
   83.238   83.749   83.749   84.338   84.338   85.223   85.521   86.145   86.145   86.970
   87.963   87.963   88.421   88.594   88.594   89.679   89.679   89.893   90.478   90.930
            0.033333  0.033333  0.033333
  -26.419  -26.419  -26.419  -26.409  -26.409   -6.025   -6.023   -6.023   -5.946   -5.946
   -3.919    8.430    8.771    8.771    9.603   12.550   12.562   12.562   16.472   18.826
   18.826   20.292   20.549   20.549   23.474   33.877   34.102   34.102   35.108   35.108
   35.874   35.970   36.023   36.023   37.269   37.269   43.876   47.846   47.974   47.974
   48.674   48.674   48.730   49.452   49.452   49.458   50.075   50.127   50.127   50.517
   50.580   50.580   50.973   50.973   51.352   52.187   52.187   52.430   52.970   52.970
   55.222   56.847   57.438   57.438   58.626   58.626   58.986   60.664   63.603   72.877
   72.877   73.161   75.387   75.387   76.458   78.673   78.673   79.080   82.894   83.335
   83.335   83.930   83.930   84.582   84.582   85.194   85.779   86.085   86.085   87.250
   87.930   87.930   88.145   88.395   88.395   89.840   89.904   89.904   90.765   90.765
            0.016667  0.016667  0.016667
  -26.419  -26.419  -26.419  -26.409  -26.409   -6.024   -6.024   -6.024   -5.946   -5.946
   -3.929    8.669    8.785    8.785    9.406   12.537   12.541   12.541   16.413   18.919
   18.919   20.351   20.419   20.419   23.378   34.249   34.351   34.351   35.301   35.301
   35.630   35.865   35.948   35.948   36.863   36.863   43.846   48.349   48.375   48.375
   48.918   49.038   49.038   49.402   49.493   49.493   49.836   49.836   50.003   50.362
   50.514   50.514   51.132   51.132   51.307   52.044   52.044   52.117   52.441   52.441
   55.276   57.393   57.696   57.696   58.312   58.312   58.556   60.397   63.491   73.379
   73.379   73.514   74.873   74.873   76.086   78.986   78.986   79.093   83.197   83.322
   83.322   83.922   83.922   84.982   84.982   85.177   85.943   86.031   86.031   87.431
   87.894   87.894   87.929   88.154   88.154   89.848   89.895   89.895   91.083   91.083
            0.000000  0.000000  0.000000
  -26.419  -26.419  -26.419  -26.409  -26.409   -6.024   -6.024   -6.024   -5.946   -5.946
   -3.933    8.790    8.790    8.790    9.299   12.533   12.533   12.533   16.392   18.954
   18.954   20.372   20.372   20.372   23.345   34.426   34.426   34.426   35.464   35.464
   35.464   35.862   35.862   35.862   36.698   36.698   43.836   48.548   48.548   48.548
   49.122   49.319   49.319   49.424   49.424   49.424   49.608   49.608   49.608   50.484
   50.484   50.484   51.303   51.303   51.303   51.987   51.987   51.987   52.180   52.180
   55.285   57.905   57.905   57.905   58.085   58.085   58.085   60.314   63.455   73.658
   73.658   73.658   74.590   74.590   75.937   79.098   79.098   79.098   83.306   83.306
   83.306   83.907   83.907   85.171   85.171   85.171   86.002   86.002   86.002   87.478
   87.862   87.862   87.862   88.056   88.056   89.859   89.859   89.859   91.386   91.386
            0.025000  0.025000  0.000000
  -26.419  -26.419  -26.419  -26.409  -26.409   -6.024   -6.024   -6.024   -5.947   -5.946
   -3.928    8.625    8.773    8.787    9.448   12.533   12.538   12.556   16.423   18.875
   18.929   20.371   20.382   20.470   23.395   34.186   34.245   34.374   35.205   35.315
   35.651   35.776   35.944   36.133   36.848   37.004   43.851   48.274   48.279   48.299
   48.763   48.995   49.136   49.283   49.447   49.531   49.944   49.946   50.076   50.349
   50.448   50.576   50.999   51.169   51.289   52.065   52.092   52.204   52.440   52.616
   55.272   57.341   57.392   57.919   58.100   58.576   58.636   60.438   63.509   73.135
   73.270   73.662   74.759   75.118   76.169   78.896   79.003   79.054   83.182   83.252
   83.369   83.877   83.979   84.842   85.019   85.110   85.910   86.027   86.070   87.413
   87.882   87.905   87.963   88.169   88.250   89.850   89.884   89.922   90.885   91.170
            0.050000  0.050000  0.000000
  -26.419  -26.419  -26.419  -26.409  -26.409   -6.025   -6.023   -6.023   -5.947   -5.946
   -3.913    8.322    8.722    8.780    9.704   12.533   12.552   12.626   16.512   18.686
   18.859   20.373   20.415   20.719   23.538   33.607   33.881   34.218   34.825   35.092
   35.635   36.031   36.095   36.549   37.179   37.650   43.895   47.639   47.681   47.748
   48.343   48.690   48.835   49.134   49.237   49.774   49.864   50.244   50.254   50.523
   50.650   50.730   50.854   51.040   51.387   52.347   52.355   52.689   52.918   53.388
   55.195   56.681   56.922   57.961   58.146   59.005   59.263   60.822   63.676   72.326
   72.554   73.673   74.912   75.941   76.767   78.357   78.742   78.924   82.846   83.045
   83.499   83.780   83.884   84.392   84.727   84.934   85.743   86.027   86.169   87.219
   87.825   87.949   88.205   88.567   88.583   89.703   89.773   90.026   90.567   91.022
            0.075000  0.075000  0.000000
  -26.419  -26.419  -26.419  -26.409  -26.409   -6.027   -6.023   -6.022   -5.947   -5.946
   -3.888    7.990    8.640    8.768    9.958   12.535   12.576   12.741   16.654   18.451
   18.751   20.382   20.469   21.052   23.763   32.893   33.472   33.972   34.441   34.871
   35.537   36.235   36.503   36.989   37.584   38.398   43.952   46.899   47.000   47.105
   47.961   48.227   48.477   48.903   48.928   49.508   49.983   50.185   50.211   50.522
   50.593   51.174   51.200   51.421   51.726   52.694   52.722   53.344   53.469   54.225
   54.973   56.042   56.697   58.034   58.224   59.296   59.864   61.433   63.959   71.490
   71.768   73.689   74.985   76.783   77.500   77.641   78.374   78.713   82.344   82.594
   83.180   83.497   83.593   84.475   84.605   84.659   85.635   85.916   86.191   87.009
   87.765   87.899   88.325   88.698   89.015   89.169   89.704   90.329   90.572   90.890
            0.100000  0.100000  0.000000
  -26.419  -26.419  -26.419  -26.409  -26.409   -6.030   -6.022   -6.021   -5.947   -5.946
   -3.854    7.649    8.528    8.750   10.189   12.544   12.609   12.900   16.842   18.207
   18.619   20.402   20.547   21.435   24.055   32.132   33.053   33.664   34.061   34.646
   35.491   36.397   36.985   37.443   38.025   39.178   43.992   46.128   46.330   46.451
   47.578   47.581   48.089   48.553   48.671   49.193   49.790   50.197   50.278   50.442
   50.609   51.601   51.653   51.852   52.236   53.067   53.101   53.970   54.099   54.709
   55.080   55.473   56.742   58.142   58.340   59.518   60.426   62.186   64.359   70.654
   70.965   73.707   75.021   76.729   77.441   78.089   78.377   78.451   81.576   81.943
   82.599   83.128   83.396   84.277   84.473   84.821   85.551   85.642   86.124   86.892
   87.557   87.751   88.420   88.454   88.533   89.783   89.820   89.931   90.622   90.702
            0.125000  0.125000  0.000000
  -26.419  -26.419  -26.418  -26.409  -26.409   -6.033   -6.022   -6.020   -5.947   -5.946
   -3.810    7.305    8.389    8.727   10.393   12.564   12.652   13.096   17.067   17.970
   18.477   20.437   20.650   21.851   24.401   31.355   32.637   33.323   33.686   34.416
   35.484   36.557   37.486   37.908   38.488   39.960   43.937   45.347   45.660   45.916
   46.841   47.195   47.687   48.208   48.381   48.880   49.454   50.212   50.354   50.427
   50.722   51.949   52.113   52.309   52.743   53.307   53.458   54.002   54.830   54.911
   55.250   55.932   56.965   58.292   58.504   59.727   60.949   63.017   64.871   69.823
   70.164   73.712   75.010   75.847   77.202   77.994   78.775   79.202   80.556   81.351
   82.068   82.616   83.083   83.821   84.343   85.126   85.301   85.305   86.031   86.805
   87.152   87.786   87.973   88.132   88.647   89.307   89.753   89.964   90.199   90.630
            0.150000  0.150000  0.000000
  -26.419  -26.419  -26.418  -26.409  -26.409   -6.037   -6.021   -6.019   -5.947   -5.946
   -3.758    6.963    8.228    8.697   10.569   12.595   12.704   13.320   17.317   17.748
   18.342   20.486   20.780   22.292   24.790   30.574   32.226   32.967   33.319   34.183
   35.503   36.713   37.999   38.384   38.967   40.722   43.679   44.568   44.961   45.654
   46.072   46.803   47.278   47.867   48.075   48.561   49.107   50.253   50.354   50.456
   50.871   52.246   52.556   52.751   52.930   53.414   53.846   53.858   54.890   55.746
   55.860   56.753   57.289   58.485   58.750   59.950   61.445   63.894   65.478   69.001
   69.377   73.643   74.694   75.307   76.665   77.578   79.375   79.613   79.946   80.921
   81.518   82.016   82.624   83.326   84.138   84.853   84.894   85.564   85.845   86.332
   87.222   87.577   87.633   87.844   88.607   88.756   89.177   89.947   89.998   91.046
            0.175000  0.175000  0.000000
  -26.419  -26.418  -26.418  -26.409  -26.409   -6.042   -6.020   -6.017   -5.948   -5.946
   -3.696    6.625    8.047    8.662   10.722   12.642   12.766   13.559   17.546   17.579
   18.236   20.551   20.940   22.754   25.214   29.797   31.823   32.606   32.959   33.947
   35.541   36.865   38.522   38.867   39.458   41.419   43.235   43.797   44.254   45.295
   45.652   46.408   46.864   47.531   47.774   48.239   48.765   50.316   50.317   50.515
   50.958   52.338   52.746   52.986   53.236   53.444   53.995   54.261   55.244   56.564
   56.644   57.514   57.674   58.711   59.145   60.198   61.933   64.800   66.150   68.188
   68.624   73.212   74.230   75.254   76.078   77.089   78.280   79.761   80.473   80.857
   81.271   81.372   82.080   82.863   83.878   84.370   84.570   85.455   85.810   85.886
   86.998   87.139   87.521   87.900   87.935   88.364   89.253   89.929   89.934   90.907
            0.200000  0.200000  0.000000
  -26.419  -26.418  -26.418  -26.409  -26.409   -6.046   -6.019   -6.016   -5.948   -5.946
   -3.625    6.293    7.852    8.619   10.855   12.704   12.837   13.796   17.366   17.819
   18.199   20.630   21.132   23.235   25.667   29.027   31.430   32.244   32.607   33.709
   35.594   37.012   39.053   39.356   39.953   41.860   42.872   43.042   43.564   44.519
   45.735   46.043   46.462   47.200   47.507   47.920   48.428   50.235   50.402   50.596
   50.895   52.151   52.870   53.167   53.402   53.764   54.493   54.664   55.720   57.293
   57.451   58.113   58.233   58.965   59.743   60.478   62.433   65.717   66.790   67.385
   67.996   72.330   74.138   75.269   75.470   76.550   77.151   79.175   80.263   80.352
   81.246   81.572   82.119   82.495   83.532   83.792   84.361   84.885   85.589   85.799
   86.408   86.630   87.266   87.764   87.988   88.239   89.415   89.850   90.013   90.759
            0.225000  0.225000  0.000000
  -26.419  -26.418  -26.418  -26.409  -26.409   -6.051   -6.017   -6.014   -5.948   -5.945
   -3.546    5.969    7.646    8.569   10.974   12.781   12.918   14.012   17.211   17.960
   18.316   20.724   21.358   23.733   26.142   28.267   31.048   31.886   32.265   33.473
   35.658   37.154   39.586   39.844   40.441   41.585   42.321   42.732   43.270   43.752
   45.504   45.842   46.203   46.877   47.335   47.607   48.100   50.067   50.506   50.677
   50.696   52.098   52.715   53.359   53.804   54.226   55.021   55.063   56.235   57.856
   58.172   58.673   58.998   59.262   60.517   60.790   62.957   66.478   66.594   66.983
   68.056   71.324   74.156   74.848   75.261   75.969   76.052   78.534   79.320   79.624
   81.089   81.533   82.609   82.679   82.932   83.526   84.202   84.289   85.351   85.514
   85.831   86.061   86.707   88.001   88.126   88.397   89.500   89.754   90.143   90.628
            0.250000  0.250000  0.000000
  -26.419  -26.418  -26.418  -26.409  -26.409   -6.056   -6.016   -6.013   -5.949   -5.945
   -3.459    5.653    7.432    8.511   11.081   12.874   13.008   14.193   17.081   18.041
   18.558   20.832   21.622   24.247   26.636   27.521   30.679   31.531   31.933   33.237
   35.733   37.292   40.090   40.300   40.853   41.013   41.730   42.079   42.998   43.728
   45.103   45.462   46.161   46.563   47.302   47.355   47.782   49.755   50.471   50.627
   50.813   52.167   52.564   53.656   54.193   54.687   55.453   55.559   56.768   58.283
   58.700   59.434   59.528   59.920   61.133   61.396   63.510   65.816   66.099   67.731
   68.761   70.314   74.178   74.221   74.791   75.355   75.436   77.892   78.233   78.969
   80.657   81.187   82.016   82.645   83.238   83.687   83.899   84.090   85.121   85.160
   85.400   85.460   86.250   88.210   88.228   88.795   89.368   89.789   90.166   90.530
            0.275000  0.275000  0.000000
  -26.419  -26.418  -26.418  -26.409  -26.409   -6.061   -6.015   -6.011   -5.949   -5.945
   -3.364    5.347    7.214    8.446   11.178   12.982   13.109   14.326   16.977   18.162
   18.828   20.956   21.923   24.775   26.790   27.143   30.326   31.182   31.611   33.004
   35.816   37.423   40.125   40.395   40.852   41.044   41.395   41.719   42.283   44.102
   44.743   45.029   46.040   46.258   47.009   47.450   47.596   49.326   50.380   50.765
   50.947   52.284   52.518   53.965   54.566   55.141   55.834   56.104   57.312   58.655
   59.138   59.883   60.271   60.844   61.510   62.331   64.074   65.053   65.480   68.671
   69.117   69.796   73.590   73.639   74.309   74.711   75.376   77.124   77.280   78.309
   80.246   80.716   81.131   82.188   83.160   83.605   84.060   84.066   84.702   84.841
   84.959   85.669   85.910   88.340   88.387   89.128   89.267   89.864   89.985   90.442
            0.300000  0.300000  0.000000
  -26.419  -26.418  -26.418  -26.409  -26.409   -6.066   -6.013   -6.009   -5.949   -5.945
   -3.263    5.052    6.995    8.373   11.268   13.105   13.219   14.409   16.900   18.347
   19.097   21.096   22.260   25.316   26.083   27.651   29.998   30.839   31.300   32.775
   35.908   37.543   39.518   39.842   40.683   41.283   41.368   41.677   42.233   43.975
   44.432   44.900   45.881   45.963   46.731   47.157   47.879   48.859   50.425   50.919
   51.096   52.422   52.576   54.278   54.924   55.586   56.201   56.657   57.865   59.022
   59.553   60.266   61.060   61.801   61.942   63.288   64.323   64.471   65.060   68.187
   69.707   70.540   72.598   72.961   74.039   74.306   75.298   76.015   76.738   77.661
   79.850   80.210   80.233   81.641   82.655   83.466   83.812   83.914   84.205   84.314
   85.393   85.515   86.465   88.488   88.523   88.876   89.622   89.699   89.908   90.327
            0.325000  0.325000  0.000000
  -26.419  -26.418  -26.418  -26.409  -26.409   -6.071   -6.011   -6.008   -5.949   -5.945
   -3.155    4.768    6.776    8.293   11.348   13.242   13.338   14.446   16.850   18.591
   19.361   21.253   22.624   25.407   25.870   28.136   29.721   30.503   30.999   32.550
   36.006   37.634   38.875   39.170   40.010   40.702   41.922   42.059   42.736   43.542
   43.941   45.032   45.678   45.789   46.470   46.860   48.157   48.396   50.628   51.089
   51.262   52.597   52.706   54.592   55.267   56.017   56.553   57.217   58.426   59.405
   59.965   60.681   61.636   62.486   62.717   63.592   64.226   64.343   65.312   67.367
   70.703   71.022   71.909   72.336   73.333   74.243   74.926   75.136   76.305   77.069
   79.359   79.462   79.683   81.050   82.167   83.068   83.405   83.643   83.744   83.938
   85.222   86.016   87.243   88.553   88.706   88.743   89.386   89.566   89.927   90.558
            0.350000  0.350000  0.000000
  -26.418  -26.418  -26.418  -26.409  -26.409   -6.076   -6.010   -6.007   -5.949   -5.944
   -3.042    4.495    6.561    8.205   11.418   13.392   13.468   14.452   16.826   18.875
   19.620   21.429   22.993   24.791   26.434   28.499   29.589   30.174   30.709   32.331
   36.111   37.606   38.345   38.485   39.344   40.002   42.489   42.574   43.052   43.267
   43.415   44.994   45.404   45.814   46.231   46.571   47.949   48.415   50.970   51.275
   51.445   52.825   52.900   54.908   55.597   56.432   56.889   57.783   58.994   59.814
   60.386   61.127   61.833   62.687   63.055   63.916   64.117   65.301   65.329   67.077
   70.248   71.698   71.721   72.456   72.577   73.884   74.059   74.938   75.909   76.654
   78.543   79.077   79.141   80.449   81.678   82.547   82.930   83.254   83.404   83.728
   84.939   86.496   87.715   88.598   88.854   89.002   89.111   89.360   89.933   90.526
            0.375000  0.375000  0.000000
  -26.418  -26.418  -26.418  -26.409  -26.409   -6.081   -6.008   -6.005   -5.950   -5.944
   -2.923    4.236    6.351    8.111   11.477   13.556   13.608   14.440   16.829   19.165
   19.884   21.626   23.267   24.340   27.007   28.548   29.795   29.854   30.432   32.118
   36.219   37.218   37.806   38.168   38.698   39.305   42.524   42.812   43.103   43.136
   43.801   44.842   45.140   45.850   46.024   46.291   47.533   48.687   51.380   51.478
   51.645   53.023   53.253   55.229   55.915   56.827   57.212   58.350   59.568   60.252
   60.818   61.603   61.630   62.014   63.410   64.243   64.883   65.026   66.338   67.435
   69.316   71.124   71.749   72.538   72.924   72.974   74.065   74.706   75.502   76.473
   77.824   78.579   78.696   79.865   81.179   81.990   82.459   82.843   83.110   83.579
   84.654   86.701   87.611   88.718   88.743   89.119   89.262   89.545   89.614   90.131
            0.400000  0.400000  0.000000
  -26.418  -26.418  -26.418  -26.409  -26.409   -6.085   -6.006   -6.004   -5.949   -5.945
   -2.801    3.990    6.148    8.012   11.522   13.731   13.758   14.425   16.857   19.416
   20.168   21.849   23.154   24.361   27.579   28.359   29.545   30.170   30.258   31.916
   36.330   36.616   37.138   37.994   38.284   38.621   41.992   42.279   43.626   43.684
   44.318   44.666   44.890   45.818   45.869   46.025   47.147   49.005   51.696   51.784
   51.863   53.212   53.754   55.561   56.224   57.201   57.521   58.908   60.147   60.705
   61.112   61.335   61.346   62.107   63.268   64.029   65.596   65.875   67.332   67.674
   68.798   70.560   70.847   72.068   72.316   73.677   74.310   74.752   75.250   76.403
   77.261   78.011   78.305   79.327   80.671   81.430   82.015   82.459   82.821   83.448
   84.355   86.605   87.310   88.342   88.659   88.829   88.913   89.581   89.710   90.282
            0.425000  0.425000  0.000000
  -26.418  -26.418  -26.418  -26.409  -26.409   -6.089   -6.004   -6.003   -5.949   -5.945
   -2.676    3.758    5.953    7.907   11.551   13.917   13.918   14.418   16.910   19.574
   20.486   22.098   22.783   24.749   28.103   28.130   29.257   29.935   30.797   31.734
   35.977   36.430   36.493   37.399   37.957   38.351   41.444   41.713   44.117   44.194
   44.558   44.605   44.834   45.687   45.803   45.823   46.796   49.371   51.931   52.100
   52.155   53.406   54.363   55.917   56.525   57.550   57.821   59.407   60.577   60.659
   60.750   61.269   61.758   62.448   62.635   64.319   66.098   66.828   67.407   68.215
   69.188   69.905   70.146   71.301   71.667   73.511   74.632   75.155   75.612   76.352
   76.956   77.433   77.902   78.883   80.163   80.887   81.603   82.097   82.533   83.325
   84.029   86.247   86.924   87.819   87.927   88.663   88.794   88.867   89.643   90.471
            0.450000  0.450000  0.000000
  -26.418  -26.418  -26.418  -26.409  -26.409   -6.093   -6.002   -6.002   -5.949   -5.945
   -2.550    3.541    5.768    7.798   11.561   14.088   14.108   14.432   16.986   19.595
   20.828   22.309   22.526   25.242   27.835   28.540   29.060   29.774   31.252   31.678
   35.339   35.846   36.524   36.798   37.334   38.448   40.885   41.147   44.224   44.390
   44.493   44.922   45.213   45.457   45.656   45.995   46.484   49.769   52.184   52.355
   52.501   53.604   55.014   56.325   56.820   57.867   58.113   59.542   59.913   60.541
   61.211   61.547   61.778   62.339   63.184   64.539   65.826   67.603   67.883   68.337
   69.464   69.698   70.153   70.596   71.066   72.906   74.458   75.771   76.228   76.330
   76.849   77.118   77.483   78.619   79.670   80.372   81.220   81.751   82.247   83.205
   83.661   85.678   86.444   87.001   87.318   88.281   88.378   88.767   89.557   90.341
            0.475000  0.475000  0.000000
  -26.418  -26.418  -26.418  -26.409  -26.409   -6.097   -6.001   -6.000   -5.949   -5.946
   -2.424    3.339    5.595    7.687   11.552   14.269   14.288   14.490   17.086   19.452
   21.174   22.192   22.772   25.774   27.574   28.487   29.074   29.888   31.237   32.115
   34.714   35.226   36.220   36.420   36.918   38.532   40.318   40.595   44.082   44.165
   44.640   45.211   45.278   45.635   45.664   46.245   46.399   50.183   52.454   52.632
   52.839   53.803   55.614   56.835   57.110   58.134   58.398   59.122   59.250   60.494
   60.979   61.953   62.322   62.852   63.750   64.191   65.775   67.467   67.831   68.616
   69.660   69.729   69.997   70.937   71.079   72.287   74.088   75.945   76.122   76.263
   77.043   77.060   77.729   78.656   79.259   79.892   80.866   81.409   81.960   83.086
   83.241   84.950   85.903   85.993   86.861   87.914   88.054   88.718   89.319   90.289
            0.500000  0.500000  0.000000
  -26.418  -26.418  -26.418  -26.409  -26.409   -6.100   -6.000   -5.998   -5.948   -5.946
   -2.298    3.153    5.435    7.573   11.524   14.414   14.459   14.636   17.207   19.152
   21.507   22.144   23.143   26.320   27.334   28.230   28.954   30.362   31.079   32.703
   34.108   34.625   35.676   35.916   36.920   38.577   39.743   40.085   43.943   43.949
   44.626   44.970   45.191   45.769   46.141   46.389   46.905   50.595   52.744   52.929
   53.186   53.999   56.082   57.392   57.473   58.279   58.555   58.576   58.731   59.739
   61.547   62.539   62.879   63.248   63.568   64.325   66.135   66.443   67.532   68.465
   69.247   69.978   70.656   71.453   71.755   71.945   73.808   75.535   75.681   76.286
   76.581   77.542   78.411   78.750   79.443   79.452   80.540   81.063   81.673   82.780
   82.967   84.119   84.931   85.393   86.483   87.617   87.748   88.630   88.950   90.339
            0.525000  0.525000  0.000000
  -26.418  -26.418  -26.418  -26.409  -26.409   -6.103   -6.000   -5.997   -5.948   -5.947
   -2.176    2.984    5.290    7.459   11.479   14.504   14.659   14.849   17.348   18.743
   21.818   22.211   23.551   26.814   27.180   27.945   28.755   30.913   30.959   33.265
   33.537   34.045   35.201   35.334   37.021   38.518   39.164   39.678   43.741   43.822
   44.562   44.736   45.014   45.585   46.686   46.939   47.444   50.990   53.052   53.247
   53.549   54.181   56.396   57.612   57.906   58.020   58.070   58.312   58.978   59.391
   62.130   62.552   63.130   63.432   64.040   64.879   65.428   66.584   67.078   67.650
   68.638   70.638   71.305   71.623   71.763   73.002   73.841   75.050   75.115   76.098
   76.404   77.733   78.254   79.051   79.591   80.080   80.239   80.816   81.393   82.329
   82.817   83.257   83.864   84.960   86.133   87.354   87.468   88.339   88.674   90.448
            0.550000  0.550000  0.000000
  -26.418  -26.418  -26.418  -26.409  -26.409   -6.106   -5.999   -5.995   -5.948   -5.947
   -2.059    2.833    5.161    7.345   11.419   14.594   14.870   15.090   17.509   18.276
   22.104   22.357   23.968   26.842   27.526   27.654   28.537   30.755   31.590   32.969
   33.488   33.694   34.761   34.929   37.136   38.266   38.584   39.464   43.542   43.724
   44.493   44.511   44.828   45.375   47.246   47.552   47.993   51.355   53.380   53.588
   53.911   54.340   56.482   57.254   57.348   57.736   58.050   58.886   59.255   59.488
   61.806   62.816   63.701   63.852   64.471   64.641   65.444   66.648   66.679   67.106
   68.069   70.385   71.492   72.093   72.592   74.041   74.210   74.533   74.632   75.604
   76.489   77.759   78.143   78.686   79.913   79.965   80.632   80.995   81.428   82.020
   82.219   82.701   82.923   84.605   85.786   87.111   87.213   87.855   88.559   90.546
            0.575000  0.575000  0.000000
  -26.418  -26.418  -26.418  -26.409  -26.409   -6.109   -5.998   -5.993   -5.949   -5.947
   -1.949    2.698    5.050    7.231   11.347   14.687   15.090   15.345   17.689   17.791
   22.365   22.559   24.360   26.730   27.359   28.054   28.314   30.617   32.221   32.465
   32.956   33.643   34.225   35.155   37.254   37.840   38.011   39.420   43.353   43.650
   44.295   44.435   44.643   45.175   47.811   48.179   48.542   51.670   53.724   53.951
   54.125   54.553   56.218   56.676   56.762   57.717   58.326   59.144   59.524   59.685
   61.592   63.199   63.450   64.193   64.597   65.261   65.624   65.856   66.546   67.472
   67.592   69.953   71.172   73.001   73.243   74.026   74.351   74.613   74.984   75.322
   76.594   77.693   78.246   78.352   79.390   79.718   80.716   81.298   81.300   81.722
   81.890   82.535   82.748   84.314   85.434   86.886   86.978   87.399   88.449   90.331
            0.600000  0.600000  0.000000
  -26.418  -26.418  -26.417  -26.409  -26.409   -6.111   -5.997   -5.991   -5.950   -5.946
   -1.847    2.580    4.959    7.120   11.268   14.770   15.319   15.613   17.323   17.885
   22.598   22.798   24.678   26.695   27.063   28.089   28.545   30.519   32.022   32.434
   32.784   33.305   33.808   35.705   37.328   37.371   37.462   39.450   43.173   43.601
   44.090   44.396   44.467   44.988   48.378   48.812   49.084   51.907   53.962   54.071
   54.334   54.940   55.744   56.125   56.404   57.905   58.619   58.827   59.763   59.873
   62.069   62.240   64.079   64.239   64.819   65.413   65.428   65.916   66.818   67.428
   67.717   69.626   70.823   73.028   73.393   74.072   74.424   74.757   75.159   76.280
   76.871   77.613   78.039   78.408   78.888   79.502   80.374   80.388   80.716   81.168
   82.679   82.859   83.447   84.093   85.088   86.676   86.763   87.048   88.316   89.910
            0.625000  0.625000  0.000000
  -26.418  -26.418  -26.417  -26.409  -26.409   -6.113   -5.996   -5.989   -5.952   -5.945
   -1.756    2.479    4.891    7.012   11.183   14.815   15.557   15.889   16.910   18.098
   22.808   23.059   24.878   26.762   26.774   27.862   28.932   30.494   31.672   31.960
   32.822   32.927   33.932   36.281   36.783   36.999   37.483   39.502   43.004   43.578
   43.894   44.303   44.380   44.814   48.942   49.444   49.613   51.997   53.558   54.367
   54.734   55.119   55.472   55.676   56.331   58.039   58.357   58.914   59.885   60.098
   61.398   62.834   63.546   64.535   64.740   65.274   65.759   66.552   67.001   67.724
   67.850   69.436   70.590   72.520   72.963   73.924   74.528   75.005   76.036   77.197
   77.237   77.438   77.762   78.516   78.776   79.317   79.486   79.815   80.042   81.015
   82.651   83.710   83.917   84.435   84.799   86.480   86.564   86.885   88.137   89.452
            0.650000  0.650000  0.000000
  -26.418  -26.418  -26.417  -26.409  -26.409   -6.115   -5.994   -5.987   -5.953   -5.944
   -1.675    2.393    4.847    6.907   11.095   14.770   15.803   16.165   16.617   18.326
   22.989   23.330   24.965   26.457   26.935   27.633   29.168   30.535   31.474   31.510
   32.428   32.597   34.530   36.179   36.290   37.205   37.592   39.558   42.845   43.577
   43.708   44.158   44.389   44.653   49.500   50.068   50.126   51.788   53.194   54.397
   54.573   55.144   55.557   55.902   56.398   57.619   58.531   59.160   59.622   60.325
   61.006   62.473   63.931   64.053   64.957   65.359   66.230   67.111   67.409   67.629
   68.471   69.251   70.564   71.966   72.591   73.387   74.190   75.817   76.673   76.710
   77.321   77.849   78.106   78.630   78.691   79.028   79.054   79.494   79.705   80.929
   82.685   83.654   84.276   84.857   85.240   86.297   86.381   87.064   87.894   89.051
            0.675000  0.675000  0.000000
  -26.419  -26.418  -26.417  -26.409  -26.409   -6.118   -5.993   -5.986   -5.955   -5.943
   -1.607    2.321    4.828    6.806   11.008   14.585   16.058   16.366   16.572   18.569
   23.122   23.606   25.000   26.148   27.072   27.399   29.307   30.534   31.091   31.444
   31.980   32.423   35.218   35.633   35.821   37.695   37.875   39.611   42.697   43.531
   43.585   44.045   44.425   44.503   50.050   50.612   50.667   51.234   52.988   53.993
   54.067   55.573   55.857   56.310   56.350   57.475   58.694   58.828   59.607   60.519
   61.099   61.566   63.540   64.510   64.899   65.885   66.603   67.235   67.980   68.027
   69.031   69.137   70.594   71.403   72.434   72.849   73.743   76.000   76.459   76.523
   76.937   77.972   78.238   78.438   78.794   79.198   79.346   79.564   79.974   80.946
   82.827   83.591   84.144   85.054   85.998   86.127   86.214   87.570   87.727   88.732
            0.700000  0.700000  0.000000
  -26.419  -26.417  -26.417  -26.409  -26.409   -6.120   -5.992   -5.984   -5.957   -5.942
   -1.552    2.262    4.837    6.711   10.921   14.266   16.319   16.434   16.827   18.825
   23.184   23.884   25.051   25.832   27.086   27.159   29.446   30.488   30.704   31.384
   31.544   32.552   35.080   35.370   35.931   37.797   38.591   39.662   42.561   43.362
   43.574   43.988   44.365   44.489   50.442   50.587   51.058   51.290   52.728   53.475
   53.643   56.020   56.059   56.314   56.747   57.781   57.812   59.131   59.898   60.351
   60.998   61.332   63.031   64.029   65.853   66.054   66.848   67.467   68.614   68.661
   68.908   69.813   70.450   70.843   72.329   72.605   73.240   75.346   75.805   76.176
   76.739   77.629   78.395   78.526   78.961   79.360   79.830   79.910   80.802   81.106
   83.156   83.642   84.035   85.029   85.969   86.067   86.319   87.448   88.393   88.593
            0.725000  0.725000  0.000000
  -26.419  -26.417  -26.417  -26.409  -26.409   -6.122   -5.990   -5.983   -5.958   -5.941
   -1.508    2.212    4.875    6.621   10.838   13.866   16.563   16.587   17.135   19.093
   23.162   24.157   25.157   25.511   26.910   26.957   29.568   30.350   30.490   31.135
   31.274   32.877   34.538   35.004   36.646   37.904   39.289   39.738   42.435   43.200
   43.519   44.003   44.247   44.580   49.640   51.093   51.429   51.757   52.251   53.135
   53.274   55.872   56.320   56.812   57.089   57.140   58.278   59.281   59.654   60.199
   61.110   61.574   62.550   63.564   65.793   66.536   67.300   67.914   68.973   69.255
   69.310   70.173   70.283   70.469   71.875   72.689   73.042   74.766   74.950   75.276
   76.588   77.391   78.296   78.692   79.125   79.626   80.199   80.390   81.389   81.746
   83.739   83.808   84.061   84.921   85.823   85.948   86.082   87.301   88.110   89.344
            0.750000  0.750000  0.000000
  -26.419  -26.417  -26.417  -26.409  -26.408   -6.123   -5.988   -5.981   -5.960   -5.940
   -1.476    2.170    4.940    6.538   10.759   13.431   16.747   16.859   17.456   19.372
   23.061   24.407   25.185   25.329   26.650   26.739   29.587   30.031   30.484   30.759
   31.352   33.105   34.017   34.862   37.316   38.062   39.640   40.162   42.322   43.043
   43.434   44.018   44.204   44.699   48.824   51.418   51.451   51.758   52.107   53.084
   53.099   55.720   55.830   57.215   57.427   57.520   58.489   58.847   59.831   60.478
   61.302   61.685   62.192   63.180   65.448   66.549   68.108   68.472   69.212   69.670
   69.689   69.888   70.130   70.912   71.724   72.168   73.579   74.055   74.298   74.356
   76.157   77.213   78.183   78.785   79.260   80.010   80.424   80.707   81.671   82.787
   83.949   84.328   84.507   84.826   85.687   85.709   85.902   86.973   87.773   88.419
